logz logzerr logvol nlive logl logwt insert_order
-inf nan 0.000000000000000000e+00 4.000000000000000000e+02 1.132779939342358937e-14 -5.991464547107970162e+00 nan
-5.991464547107970162e+00 nan -2.503130218118530294e-03 3.990000000000000000e+02 1.552994335711326632e-14 -5.991464547107967498e+00 nan
-5.298317366548023877e+00 3.477899514820932958e-01 -5.012541823544281946e-03 3.980000000000000000e+02 1.757398136889814335e-14 -5.991464547107963945e+00 nan
-4.892852258439857493e+00 3.022106041993846692e-01 -7.528266420791573932e-03 3.970000000000000000e+02 1.784916801210550215e-14 -5.991464547107964833e+00 nan
-4.605170185988075815e+00 3.763798871478487018e-01 -1.005033585350144018e-02 3.960000000000000000e+02 1.791122887403198875e-14 -5.991464547107963945e+00 nan
-4.382026634673865217e+00 2.670886664659006260e-01 -1.257878220686011773e-02 3.950000000000000000e+02 1.860882856729480363e-14 -5.991464547107963057e+00 nan
-4.199705077879910320e+00 2.447696752337338577e-01 -1.511363781004817011e-02 3.940000000000000000e+02 1.963192068894715191e-14 -5.991464547107962169e+00 nan
-4.045554398052651379e+00 2.487185490516512221e-01 -1.765493523872075157e-02 3.930000000000000000e+02 1.968879467227072363e-14 -5.991464547107962169e+00 nan
-3.912023005428128641e+00 1.943965965011836272e-01 -2.020270731751944854e-02 3.920000000000000000e+02 2.095901965802271974e-14 -5.991464547107960392e+00 nan
-3.794239969771744825e+00 1.781871696603079813e-01 -2.275698712261621515e-02 3.910000000000000000e+02 2.106853387376196337e-14 -5.991464547107960392e+00 nan
-3.688879454113918044e+00 1.941238666655416278e-01 -2.531780798428987650e-02 3.900000000000000000e+02 2.221412371893043701e-14 -5.991464547107959504e+00 nan
-3.593569274309592831e+00 1.796572855153121540e-01 -2.788520348953569400e-02 3.890000000000000000e+02 2.222327608953021203e-14 -5.991464547107959504e+00 nan
-3.506557897319962702e+00 2.070359339803779231e-01 -3.045920748470854617e-02 3.880000000000000000e+02 2.244933116182446061e-14 -5.991464547107960392e+00 nan
-3.426515189646425874e+00 2.195308263630859069e-01 -3.303985407820018289e-02 3.870000000000000000e+02 2.250657694065985486e-14 -5.991464547107959504e+00 nan
-3.352407217492703762e+00 2.455474801244519611e-01 -3.562717764315112556e-02 3.860000000000000000e+02 2.324748245824447288e-14 -5.991464547107958616e+00 nan
-3.283414346005752105e+00 2.374574024868058575e-01 -3.822121282019776134e-02 3.850000000000000000e+02 2.443994286737355425e-14 -5.991464547107957728e+00 nan
-3.218875824868180580e+00 2.055224818588040903e-01 -4.082199452025513098e-02 3.840000000000000000e+02 2.481897928545300354e-14 -5.991464547107956840e+00 nan
-3.158251203051745559e+00 1.785493525608020937e-01 -4.342955792733600023e-02 3.830000000000000000e+02 2.531240515524280975e-14 -5.991464547107956840e+00 nan
-3.101092789211796763e+00 1.949311155196407908e-01 -4.604393850140681144e-02 3.820000000000000000e+02 2.604008061701560350e-14 -5.991464547107955951e+00 nan
-3.047025567941520574e+00 1.733049068177197338e-01 -4.866517198128102878e-02 3.810000000000000000e+02 2.616286929381840075e-14 -5.991464547107956840e+00 nan
-2.995732273553969982e+00 1.835953055853900007e-01 -5.129329438755053650e-02 3.800000000000000000e+02 2.622787673055581671e-14 -5.991464547107955063e+00 nan
-2.946942109384537822e+00 1.685930968951267483e-01 -5.392834202555564505e-02 3.790000000000000000e+02 2.677367749006956303e-14 -5.991464547107955063e+00 nan
-2.900422093749644770e+00 1.643175195835661628e-01 -5.657035148839430205e-02 3.780000000000000000e+02 2.916131234923777509e-14 -5.991464547107953287e+00 nan
-2.855970331178810717e+00 1.462776935512807575e-01 -5.921935965997122964e-02 3.770000000000000000e+02 2.944121629503807502e-14 -5.991464547107952399e+00 nan
-2.813410716760014640e+00 1.577604774848033742e-01 -6.187540371808748080e-02 3.760000000000000000e+02 2.949709415776593318e-14 -5.991464547107952399e+00 nan
-2.772588722239759385e+00 1.456031110378522286e-01 -6.453852113757117814e-02 3.750000000000000000e+02 2.966710091040606877e-14 -5.991464547107952399e+00 nan
-2.733368009086477812e+00 1.437114421281121546e-01 -6.720874969345005945e-02 3.740000000000000000e+02 3.040311186243643791e-14 -5.991464547107952399e+00 nan
-2.695627681103630380e+00 1.586290412043279974e-01 -6.988612746416644761e-02 3.730000000000000000e+02 3.041444818448601586e-14 -5.991464547107952399e+00 nan
-2.659260036932755256e+00 1.525192408861727467e-01 -7.257069283483542910e-02 3.720000000000000000e+02 3.058817238875338025e-14 -5.991464547107951510e+00 nan
-2.624168717121484917e+00 1.499395363855543784e-01 -7.526248450054684458e-02 3.710000000000000000e+02 3.149015835285301802e-14 -5.991464547107950622e+00 nan
-2.590267165445803155e+00 1.368485264470814533e-01 -7.796154146971186194e-02 3.700000000000000000e+02 3.157667377355658305e-14 -5.991464547107949734e+00 nan
-2.557477342622811900e+00 1.273982477818582371e-01 -8.066790306745480477e-02 3.690000000000000000e+02 3.182782883868741250e-14 -5.991464547107949734e+00 nan
-2.525728644308231186e+00 1.337767165908761713e-01 -8.338160893905106896e-02 3.680000000000000000e+02 3.233842621204573905e-14 -5.991464547107950622e+00 nan
-2.494956985641477498e+00 1.344317279838978252e-01 -8.610269905341172425e-02 3.670000000000000000e+02 3.249462931802814608e-14 -5.991464547107949734e+00 nan
-2.465104022491796165e+00 1.238286195655471794e-01 -8.883121370661574423e-02 3.660000000000000000e+02 3.303870822954451597e-14 -5.991464547107948846e+00 nan
-2.436116485618543770e+00 1.177015420784072314e-01 -9.156719352549048951e-02 3.650000000000000000e+02 3.305881862563993391e-14 -5.991464547107948846e+00 nan
-2.407945608651847369e+00 1.103574478688617022e-01 -9.431067947124133211e-02 3.640000000000000000e+02 3.317220489213064825e-14 -5.991464547107948846e+00 nan
-2.380546634463732492e+00 1.125030679150006152e-01 -9.706171284313121206e-02 3.630000000000000000e+02 3.318716186192960892e-14 -5.991464547107948846e+00 nan
-2.353878387381570736e+00 1.257317715216797749e-01 -9.982033528221093133e-02 3.620000000000000000e+02 3.324458971141004878e-14 -5.991464547107949734e+00 nan
-2.327902900978310097e+00 1.243295037646554441e-01 -1.025865887751010730e-01 3.610000000000000000e+02 3.326534015656650447e-14 -5.991464547107948846e+00 nan
-2.302585092994020144e+00 1.327213175016469238e-01 -1.053605156578263091e-01 3.600000000000000000e+02 3.340903423900629725e-14 -5.991464547107947958e+00 nan
-2.277892480403648445e+00 1.216668954943372766e-01 -1.081421586197031243e-01 3.590000000000000000e+02 3.343153648260256922e-14 -5.991464547107947958e+00 nan
-2.253794928824587540e+00 1.194725767030218877e-01 -1.109315607072816900e-01 3.580000000000000000e+02 3.348618940025138397e-14 -5.991464547107947958e+00 nan
-2.230264431414393123e+00 1.180601215577109370e-01 -1.137287653283429179e-01 3.570000000000000000e+02 3.359615463140813860e-14 -5.991464547107947958e+00 nan
-2.207274913189694043e+00 1.176043636653236885e-01 -1.165338162559515361e-01 3.560000000000000000e+02 3.365611442030159821e-14 -5.991464547107947958e+00 nan
-2.184802057337635439e+00 1.180811428372737365e-01 -1.193467576325661916e-01 3.550000000000000000e+02 3.395875497850045247e-14 -5.991464547107948846e+00 nan
-2.162823150618859991e+00 1.134267425869474877e-01 -1.221676339742075318e-01 3.540000000000000000e+02 3.407299387262473508e-14 -5.991464547107947958e+00 nan
-2.141316945397896188e+00 1.086370066627678627e-01 -1.249964901746852125e-01 3.530000000000000000e+02 3.412656025290928871e-14 -5.991464547107947958e+00 nan
-2.120263536200063914e+00 1.044960290039583101e-01 -1.278333715098848855e-01 3.520000000000000000e+02 3.422592182065905412e-14 -5.991464547107947070e+00 nan
-2.099644248997328155e+00 9.671547044121341086e-02 -1.306783236421161787e-01 3.510000000000000000e+02 3.423673273790435549e-14 -5.991464547107947070e+00 nan
-2.079441541679808658e+00 9.747958962321162657e-02 -1.335313926245226268e-01 3.500000000000000000e+02 3.449906885747056970e-14 -5.991464547107947070e+00 nan
-2.059638914383628894e+00 1.000706560686813185e-01 -1.363926249055548157e-01 3.490000000000000000e+02 3.459528227383187404e-14 -5.991464547107947070e+00 nan
-2.040220828526527086e+00 9.751489038993872704e-02 -1.392620673335076553e-01 3.480000000000000000e+02 3.467437326079184323e-14 -5.991464547107947958e+00 nan
-2.021172633555832654e+00 9.572385131585289808e-02 -1.421397671611228097e-01 3.470000000000000000e+02 3.477020336563026539e-14 -5.991464547107947070e+00 nan
-2.002480500543680098e+00 9.568308420428450756e-02 -1.450257720502577397e-01 3.460000000000000000e+02 3.487630852174364212e-14 -5.991464547107947958e+00 nan
-1.984131361875483446e+00 9.445915915430133647e-02 -1.479201300766222471e-01 3.450000000000000000e+02 3.535879076917141391e-14 -5.991464547107947070e+00 nan
-1.966112856372804973e+00 8.881115263284526662e-02 -1.508228897345836594e-01 3.440000000000000000e+02 3.545338481300717343e-14 -5.991464547107946181e+00 nan
-1.948413279273403909e+00 8.894593328197138160e-02 -1.537340999420420962e-01 3.430000000000000000e+02 3.554805893421526072e-14 -5.991464547107946181e+00 nan
-1.931021536561534635e+00 8.597428546510409164e-02 -1.566538100453768456e-01 3.420000000000000000e+02 3.562858290592108413e-14 -5.991464547107946181e+00 nan
-1.913927103202234470e+00 8.319033797044569911e-02 -1.595820698244652114e-01 3.410000000000000000e+02 3.563000910269622903e-14 -5.991464547107947070e+00 nan
-1.897119984885853095e+00 8.288434880714690145e-02 -1.625189294977749388e-01 3.400000000000000000e+02 3.565572167370404115e-14 -5.991464547107947070e+00 nan
-1.880590682934642377e+00 8.565858367764338233e-02 -1.654644397275317480e-01 3.390000000000000000e+02 3.566232438653025136e-14 -5.991464547107946181e+00 nan
-1.864330162062861840e+00 7.808280973722735163e-02 -1.684186516249632226e-01 3.380000000000000000e+02 3.589204623424386165e-14 -5.991464547107946181e+00 nan
-1.848329820716420491e+00 7.686366127837544748e-02 -1.713816167556202752e-01 3.370000000000000000e+02 3.597044933507732010e-14 -5.991464547107946181e+00 nan
-1.832581463748281125e+00 7.311762335577534633e-02 -1.743533871447777717e-01 3.360000000000000000e+02 3.601163365942827969e-14 -5.991464547107945293e+00 nan
-1.817077277212315822e+00 7.442578093302749942e-02 -1.773340152829155636e-01 3.350000000000000000e+02 3.612073894299686157e-14 -5.991464547107945293e+00 nan
-1.801809805081527216e+00 6.860842494894779653e-02 -1.803235541312815937e-01 3.340000000000000000e+02 3.627801195635600775e-14 -5.991464547107946181e+00 nan
-1.786771927716986674e+00 6.796936705620522379e-02 -1.833220571275381849e-01 3.330000000000000000e+02 3.687911169916408702e-14 -5.991464547107944405e+00 nan
-1.771956841931845883e+00 6.713834856471459500e-02 -1.863295781914934834e-01 3.320000000000000000e+02 3.745785398937699742e-14 -5.991464547107944405e+00 nan
-1.757358042510693164e+00 6.250002970476765951e-02 -1.893461717309191383e-01 3.310000000000000000e+02 3.767642340962392984e-14 -5.991464547107944405e+00 nan
-1.742969305058593488e+00 6.296005341330754290e-02 -1.923718926474561330e-01 3.300000000000000000e+02 3.775257366503184451e-14 -5.991464547107943517e+00 nan
-1.728784670066636941e+00 6.437692188029543738e-02 -1.954067963426101562e-01 3.290000000000000000e+02 3.812468449674704534e-14 -5.991464547107943517e+00 nan
-1.714798428091896865e+00 6.938062807919552488e-02 -1.984509387238383160e-01 3.280000000000000000e+02 3.853425177240801115e-14 -5.991464547107944405e+00 nan
-1.701005105959561003e+00 6.848492783426081421e-02 -2.015043762107286696e-01 3.270000000000000000e+02 3.866147894587562361e-14 -5.991464547107942629e+00 nan
-1.687399453903782209e+00 6.830848725309823788e-02 -2.045671657412744260e-01 3.260000000000000000e+02 3.912826881783156544e-14 -5.991464547107943517e+00 nan
-1.673976433571641387e+00 6.939388069223420552e-02 -2.076393647782445728e-01 3.250000000000000000e+02 3.928447007412053204e-14 -5.991464547107942629e+00 nan
-1.660731206821620676e+00 6.979608720015159640e-02 -2.107210313156526738e-01 3.240000000000000000e+02 3.948137169817175661e-14 -5.991464547107942629e+00 nan
-1.647659125254267831e+00 7.085525509379336784e-02 -2.138122238853255308e-01 3.230000000000000000e+02 3.952916401135297893e-14 -5.991464547107941740e+00 nan
-1.634755720418359815e+00 7.404477729662940766e-02 -2.169130015635737652e-01 3.220000000000000000e+02 3.990044822148221646e-14 -5.991464547107942629e+00 nan
-1.622016694640930012e+00 7.059391855087431000e-02 -2.200234239779662038e-01 3.210000000000000000e+02 4.026783811314734155e-14 -5.991464547107941740e+00 nan
-1.609437912434069862e+00 7.246729680194036183e-02 -2.231435513142098481e-01 3.200000000000000000e+02 4.036169272112962596e-14 -5.991464547107941740e+00 nan
-1.597015392435512604e+00 7.330733859025306831e-02 -2.262734443231375070e-01 3.190000000000000000e+02 4.058670380189658008e-14 -5.991464547107940852e+00 nan
-1.584745299843698163e+00 7.508168737175087426e-02 -2.294131643278052302e-01 3.180000000000000000e+02 4.112612287897652680e-14 -5.991464547107941740e+00 nan
-1.572623939311353247e+00 7.137124878986997323e-02 -2.325627732307014583e-01 3.170000000000000000e+02 4.144429117992327715e-14 -5.991464547107939964e+00 nan
-1.560647748264637480e+00 7.477157126000789911e-02 -2.357223335210699711e-01 3.160000000000000000e+02 4.169686453344550743e-14 -5.991464547107940852e+00 nan
-1.548813290617634619e+00 7.314204803075499695e-02 -2.388919082823490192e-01 3.150000000000000000e+02 4.206257369135226693e-14 -5.991464547107939964e+00 nan
-1.537117250854443284e+00 7.410164169993097016e-02 -2.420715611997287242e-01 3.140000000000000000e+02 4.272958253779628941e-14 -5.991464547107939076e+00 nan
-1.525556428453367142e+00 7.613995278111299059e-02 -2.452613565678288809e-01 3.130000000000000000e+02 4.290081200789942383e-14 -5.991464547107939076e+00 nan
-1.514127732629744205e+00 7.353399934841971242e-02 -2.484613592984997454e-01 3.120000000000000000e+02 4.303233124876251295e-14 -5.991464547107939964e+00 nan
-1.502828177375810759e+00 7.529199507479651665e-02 -2.516716349287479448e-01 3.110000000000000000e+02 4.306803466428226218e-14 -5.991464547107939076e+00 nan
-1.491654876777685379e+00 7.421705945772966162e-02 -2.548922496287901462e-01 3.100000000000000000e+02 4.327155496856757762e-14 -5.991464547107939076e+00 nan
-1.480605040591100208e+00 7.113970458038419709e-02 -2.581232702102366217e-01 3.090000000000000000e+02 4.347238281742619937e-14 -5.991464547107939076e+00 nan
-1.469675970058909709e+00 7.576042718469989945e-02 -2.613647641344076233e-01 3.080000000000000000e+02 4.408330357609820719e-14 -5.991464547107937300e+00 nan
-1.458865053954693902e+00 7.713757376158469903e-02 -2.646167995207849288e-01 3.070000000000000000e+02 4.440785767705051630e-14 -5.991464547107937300e+00 nan
-1.448169764837945905e+00 7.475007865870167412e-02 -2.678794451556013034e-01 3.060000000000000000e+02 4.449087439685265511e-14 -5.991464547107937300e+00 nan
-1.437587655507408746e+00 7.422493781649391886e-02 -2.711527705005704614e-01 3.050000000000000000e+02 4.486812784064309679e-14 -5.991464547107937300e+00 nan
-1.427116355640113188e+00 7.188290644683716091e-02 -2.744368457017604124e-01 3.040000000000000000e+02 4.576372731206971062e-14 -5.991464547107936411e+00 nan
-1.416753568604566471e+00 7.463463752927471107e-02 -2.777317415986129689e-01 3.030000000000000000e+02 4.577977447985130719e-14 -5.991464547107935523e+00 nan
-1.406497068437377207e+00 7.296032751826178608e-02 -2.810375297331124678e-01 3.020000000000000000e+02 4.628449576418688023e-14 -5.991464547107936411e+00 nan
-1.396344696973359056e+00 6.858500075221511671e-02 -2.843542823591063695e-01 3.010000000000000000e+02 4.662371758735980470e-14 -5.991464547107935523e+00 nan
-1.386294361119857488e+00 6.749671617401988011e-02 -2.876820724517810124e-01 3.000000000000000000e+02 4.702596951985792546e-14 -5.991464547107934635e+00 nan
-1.376344030266689167e+00 6.588884998668941007e-02 -2.910209737172956279e-01 2.990000000000000000e+02 4.721948935822473180e-14 -5.991464547107935523e+00 nan
-1.366491733823677501e+00 6.768852235779254656e-02 -2.943710606025776166e-01 2.980000000000000000e+02 4.746603616141160583e-14 -5.991464547107935523e+00 nan
-1.356735558878312764e+00 7.200177465296964119e-02 -2.977324083052824699e-01 2.970000000000000000e+02 4.763112144083037523e-14 -5.991464547107934635e+00 nan
-1.347073647966575694e+00 7.104937189693190380e-02 -3.011050927839217239e-01 2.960000000000000000e+02 4.812357408306120432e-14 -5.991464547107933747e+00 nan
-1.337504196950424884e+00 7.310671876242076650e-02 -3.044891907681622767e-01 2.950000000000000000e+02 4.826580009706379134e-14 -5.991464547107934635e+00 nan
-1.328025452995881039e+00 6.958613732557529519e-02 -3.078847797693005095e-01 2.940000000000000000e+02 4.850127912341197337e-14 -5.991464547107932859e+00 nan
-1.318635712646041958e+00 7.028326683082487814e-02 -3.112919380909148215e-01 2.930000000000000000e+02 4.885736600444006937e-14 -5.991464547107933747e+00 nan
-1.309333319983728261e+00 6.872210318971376519e-02 -3.147107448397004070e-01 2.920000000000000000e+02 4.920746139042312964e-14 -5.991464547107933747e+00 nan
-1.300116664878804063e+00 6.617790731803387116e-02 -3.181412799364896626e-01 2.910000000000000000e+02 4.937441427321315430e-14 -5.991464547107932859e+00 nan
-1.290984181315531387e+00 6.188138956420096565e-02 -3.215836241274624419e-01 2.900000000000000000e+02 4.957208206615978991e-14 -5.991464547107931971e+00 nan
-1.281934345795613384e+00 6.155420948234296280e-02 -3.250378589955499886e-01 2.890000000000000000e+02 4.969956894238278050e-14 -5.991464547107932859e+00 nan
-1.272965675812852915e+00 6.411991289059840171e-02 -3.285040669720362128e-01 2.880000000000000000e+02 4.970979711505063206e-14 -5.991464547107932859e+00 nan
-1.264076728395606697e+00 6.401084554441999197e-02 -3.319823313483610261e-01 2.870000000000000000e+02 4.999138941177884751e-14 -5.991464547107932859e+00 nan
-1.255266098713451628e+00 6.456647363374187765e-02 -3.354727362881295694e-01 2.860000000000000000e+02 5.011532480319238867e-14 -5.991464547107931971e+00 nan
-1.246532418744696891e+00 6.503642619449982731e-02 -3.389753668393316599e-01 2.850000000000000000e+02 5.014545181471144615e-14 -5.991464547107932859e+00 nan
-1.237874356001582132e+00 6.679124150543705452e-02 -3.424903089467761230e-01 2.840000000000000000e+02 5.032699714716043329e-14 -5.991464547107931971e+00 nan
-1.229290612310190545e+00 6.562928249149331539e-02 -3.460176494647445589e-01 2.830000000000000000e+02 5.107264030003398876e-14 -5.991464547107931082e+00 nan
-1.220779922642281745e+00 6.456943703166985460e-02 -3.495574761698685973e-01 2.820000000000000000e+02 5.140589279277729672e-14 -5.991464547107931082e+00 nan
-1.212341053996417006e+00 6.308663532184050071e-02 -3.531098777742364137e-01 2.810000000000000000e+02 5.227424603711151962e-14 -5.991464547107929306e+00 nan
-1.203972804325900370e+00 6.387210130923175189e-02 -3.566749439387325582e-01 2.800000000000000000e+02 5.240674918299448681e-14 -5.991464547107929306e+00 nan
-1.195674001511205065e+00 6.408638345555385529e-02 -3.602527652866165386e-01 2.790000000000000000e+02 5.256307073978617280e-14 -5.991464547107929306e+00 nan
-1.187443502374689430e+00 6.242268210463091521e-02 -3.638434334173450968e-01 2.780000000000000000e+02 5.260526066498758321e-14 -5.991464547107929306e+00 nan
-1.179280191735528449e+00 6.414281815790413843e-02 -3.674470409206436750e-01 2.770000000000000000e+02 5.330856122602233374e-14 -5.991464547107929306e+00 nan
-1.171182981502908893e+00 6.641744026739448969e-02 -3.710636813908321785e-01 2.760000000000000000e+02 5.335688988404213981e-14 -5.991464547107928418e+00 nan
-1.163150809805644448e+00 6.380820164665079730e-02 -3.746934494414108641e-01 2.750000000000000000e+02 5.358591813625159328e-14 -5.991464547107929306e+00 nan
-1.155182640156467544e+00 6.249533800639910097e-02 -3.783364407199119595e-01 2.740000000000000000e+02 5.401727202582412404e-14 -5.991464547107928418e+00 nan
-1.147277460649354097e+00 6.186911095856985343e-02 -3.819927519230224555e-01 2.730000000000000000e+02 5.439675909938739604e-14 -5.991464547107928418e+00 nan
-1.139434283188328179e+00 5.846679725234037173e-02 -3.856624808119848424e-01 2.720000000000000000e+02 5.454079547993403458e-14 -5.991464547107928418e+00 nan
-1.131652142746273126e+00 6.147246025849272683e-02 -3.893457262282812859e-01 2.710000000000000000e+02 5.495198759778374006e-14 -5.991464547107927530e+00 nan
-1.123930096652362653e+00 5.749758136465830255e-02 -3.930425881096074048e-01 2.700000000000000000e+02 5.558277964798151752e-14 -5.991464547107926641e+00 nan
-1.116267223906793449e+00 5.851893630680606029e-02 -3.967531675061430341e-01 2.690000000000000000e+02 5.564697942669260062e-14 -5.991464547107925753e+00 nan
-1.108662624521574047e+00 5.809556673500760465e-02 -4.004775665971254672e-01 2.680000000000000000e+02 5.604119381183909184e-14 -5.991464547107925753e+00 nan
-1.101115418886190911e+00 5.835218914556301179e-02 -4.042158887077326179e-01 2.670000000000000000e+02 5.617233376874138496e-14 -5.991464547107926641e+00 nan
-1.093624747157033283e+00 5.640519437477151121e-02 -4.079682383262830947e-01 2.660000000000000000e+02 5.632283471610211295e-14 -5.991464547107926641e+00 nan
-1.086189768669514999e+00 5.515462897166450995e-02 -4.117347211217599612e-01 2.650000000000000000e+02 5.634207676475209300e-14 -5.991464547107925753e+00 nan
-1.078809661371892270e+00 5.299301986169001333e-02 -4.155154439616660089e-01 2.640000000000000000e+02 5.636129601542098047e-14 -5.991464547107925753e+00 nan
-1.071483621279819332e+00 5.278604142005347000e-02 -4.193105149302176482e-01 2.630000000000000000e+02 5.662162909474794354e-14 -5.991464547107925753e+00 nan
-1.064210861950739329e+00 5.038477249314515100e-02 -4.231200433468853550e-01 2.620000000000000000e+02 5.663431654846781268e-14 -5.991464547107924865e+00 nan
-1.056990613977252025e+00 4.928994936353143369e-02 -4.269441397852887787e-01 2.610000000000000000e+02 5.673478759744781834e-14 -5.991464547107925753e+00 nan
-1.049822124498639431e+00 4.773499700643105831e-02 -4.307829160924544487e-01 2.600000000000000000e+02 5.691121726926480447e-14 -5.991464547107924865e+00 nan
-1.042704656729775303e+00 4.819586293657190934e-02 -4.346364854084444063e-01 2.590000000000000000e+02 5.721709632739709219e-14 -5.991464547107924865e+00 nan
-1.035637489506682662e+00 4.801930593359886312e-02 -4.385049621863647551e-01 2.580000000000000000e+02 5.739891153228392175e-14 -5.991464547107923977e+00 nan
-1.028619916848035887e+00 4.839377680223849731e-02 -4.423884622127624011e-01 2.570000000000000000e+02 5.760640774645872612e-14 -5.991464547107924865e+00 nan
-1.021651247531942364e+00 4.554560455820894083e-02 -4.462871026284197518e-01 2.560000000000000000e+02 5.776663655416204048e-14 -5.991464547107923977e+00 nan
-1.014730804687368426e+00 4.608587675014916979e-02 -4.502010019495560900e-01 2.550000000000000000e+02 5.779591190869811730e-14 -5.991464547107923977e+00 nan
-1.007857925399606280e+00 4.386456381025434503e-02 -4.541302800894456704e-01 2.540000000000000000e+02 5.807458581161917648e-14 -5.991464547107924865e+00 nan
-1.001031960329206383e+00 4.634032426015489287e-02 -4.580750583804620302e-01 2.530000000000000000e+02 5.811758810213189159e-14 -5.991464547107924865e+00 nan
-9.942522733438274862e-01 4.619996105623785931e-02 -4.620354595965589506e-01 2.520000000000000000e+02 5.831692167267887529e-14 -5.991464547107923977e+00 nan
-9.875182411624833234e-01 4.542709355662297860e-02 -4.660116079761983943e-01 2.510000000000000000e+02 5.836921085279680532e-14 -5.991464547107923089e+00 nan
-9.808292530116865526e-01 4.588307143475021249e-02 -4.700036292457358544e-01 2.500000000000000000e+02 5.932658620814120921e-14 -5.991464547107922201e+00 nan
-9.741847102930178970e-01 4.770663481597250954e-02 -4.740116506432746624e-01 2.490000000000000000e+02 5.935111571325577125e-14 -5.991464547107922201e+00 nan
-9.675840262616657306e-01 4.607115844852880532e-02 -4.780358009430000776e-01 2.480000000000000000e+02 5.952723825508169999e-14 -5.991464547107923089e+00 nan
-9.610266257155065661e-01 4.543150681084935638e-02 -4.820762104800050407e-01 2.470000000000000000e+02 5.985147058639129007e-14 -5.991464547107923089e+00 nan
-9.545119446943127750e-01 4.363051451193186020e-02 -4.861330111756194117e-01 2.460000000000000000e+02 5.987095996468565600e-14 -5.991464547107922201e+00 nan
-9.480394301886951869e-01 4.203596971876812777e-02 -4.902063365632552405e-01 2.450000000000000000e+02 5.988643320574160356e-14 -5.991464547107923089e+00 nan
-9.416085398584046473e-01 4.050287217935620576e-02 -4.942963218147803373e-01 2.440000000000000000e+02 6.000986040129623216e-14 -5.991464547107922201e+00 nan
-9.352187417596334873e-01 4.102877332528193782e-02 -4.984031037674337417e-01 2.430000000000000000e+02 6.015113925115490143e-14 -5.991464547107921312e+00 nan
-9.288695140809746231e-01 4.215762597243127158e-02 -5.025268209512957496e-01 2.420000000000000000e+02 6.024217047691838547e-14 -5.991464547107922201e+00 nan
-9.225603448877097712e-01 4.174862506591234257e-02 -5.066676136173271505e-01 2.410000000000000000e+02 6.029974741276625021e-14 -5.991464547107921312e+00 nan
-9.162907318741142504e-01 4.320282309882236133e-02 -5.108256237659908328e-01 2.400000000000000000e+02 6.033241300582250779e-14 -5.991464547107921312e+00 nan
-9.100601821234780564e-01 4.283979180975653472e-02 -5.150009951764714655e-01 2.390000000000000000e+02 6.041376102766670522e-14 -5.991464547107922201e+00 nan
-9.038682118755568817e-01 4.303009502407207504e-02 -5.191938734365074692e-01 2.380000000000000000e+02 6.078486726464597905e-14 -5.991464547107922201e+00 nan
-8.977143463011785229e-01 4.583202769349124794e-02 -5.234044059728509835e-01 2.370000000000000000e+02 6.084452059689516613e-14 -5.991464547107921312e+00 nan
-8.915981192837423297e-01 4.592211702660258660e-02 -5.276327420823720971e-01 2.360000000000000000e+02 6.200957274918912224e-14 -5.991464547107920424e+00 nan
-8.855190732073600079e-01 4.730080795391174153e-02 -5.318790329638232173e-01 2.350000000000000000e+02 6.740182039630513556e-14 -5.991464547107915095e+00 nan
-8.794767587513971918e-01 4.528172823477568526e-02 -5.361434317502807856e-01 2.340000000000000000e+02 6.741569399766595346e-14 -5.991464547107915095e+00 nan
-8.734707346911851911e-01 4.642680655465537820e-02 -5.404260935422816603e-01 2.330000000000000000e+02 6.821450009960933199e-14 -5.991464547107913319e+00 nan
-8.675005677046812025e-01 4.783125657839561173e-02 -5.447271754416722622e-01 2.320000000000000000e+02 6.905519606287709084e-14 -5.991464547107913319e+00 nan
-8.615658321848664869e-01 4.890734546348180639e-02 -5.490468365861886912e-01 2.310000000000000000e+02 7.209872607285331692e-14 -5.991464547107909766e+00 nan
-8.556661100576780088e-01 4.822534472079274132e-02 -5.533852381847869095e-01 2.300000000000000000e+02 7.213770870599365939e-14 -5.991464547107910654e+00 nan
-8.498009906052798046e-01 4.721033317777535709e-02 -5.577425435537426424e-01 2.290000000000000000e+02 7.546142053478671580e-14 -5.991464547107907102e+00 nan
-8.439700702944864519e-01 4.951440861458752257e-02 -5.621189181535415358e-01 2.280000000000000000e+02 7.621194125248366250e-14 -5.991464547107906213e+00 nan
-8.381729526101603378e-01 4.703626096215206276e-02 -5.665145296265796659e-01 2.270000000000000000e+02 8.941912599045308415e-14 -5.991464547107892891e+00 nan
-8.324092478934099759e-01 4.607217648740855043e-02 -5.709295478356964937e-01 2.260000000000000000e+02 9.008589008061514050e-14 -5.991464547107892891e+00 nan
-8.266785731844247254e-01 4.765290339071408948e-02 -5.753641449035622468e-01 2.250000000000000000e+02 9.012334278053492927e-14 -5.991464547107892891e+00 nan
-8.209805520697867065e-01 4.734632673290090077e-02 -5.798184952529424896e-01 2.240000000000000000e+02 9.661476722187581144e-14 -5.991464547107884897e+00 nan
-8.153148145341090336e-01 4.862653333750686230e-02 -5.842927756478635271e-01 2.230000000000000000e+02 9.807314543197008443e-14 -5.991464547107884897e+00 nan
-8.096809968158527049e-01 4.788123733238207336e-02 -5.887871652357028474e-01 2.220000000000000000e+02 1.004634860005570231e-13 -5.991464547107882233e+00 nan
-8.040787412671825951e-01 4.868705170290048984e-02 -5.933018455902294708e-01 2.210000000000000000e+02 1.020810316270373897e-13 -5.991464547107879568e+00 nan
-7.985076962177268811e-01 4.698726568263485170e-02 -5.978370007556207399e-01 2.200000000000000000e+02 1.038419304964091354e-13 -5.991464547107878680e+00 nan
-7.929675158421112258e-01 4.571922359316595019e-02 -6.023928172914814194e-01 2.190000000000000000e+02 1.043254687004822091e-13 -5.991464547107878680e+00 nan
-7.874578600311412657e-01 4.561521578806372601e-02 -6.069694843188931932e-01 2.180000000000000000e+02 1.089904785374542420e-13 -5.991464547107872463e+00 nan
-7.819783942665152754e-01 4.641977687506515515e-02 -6.115671935675226489e-01 2.170000000000000000e+02 1.098045694988766469e-13 -5.991464547107872463e+00 nan
-7.765287894989502115e-01 4.673504033678842901e-02 -6.161861394238171696e-01 2.160000000000000000e+02 1.107706686512727187e-13 -5.991464547107871574e+00 nan
-7.711087220296106715e-01 4.721077041181665629e-02 -6.208265189803193751e-01 2.150000000000000000e+02 1.163468207494631934e-13 -5.991464547107865357e+00 nan
-7.657178733947338500e-01 4.680691638395970827e-02 -6.254885320861306441e-01 2.140000000000000000e+02 1.257220122366038310e-13 -5.991464547107855587e+00 nan
-7.603559302533480224e-01 4.438273344658606040e-02 -6.301723813985570244e-01 2.130000000000000000e+02 1.260671024196173209e-13 -5.991464547107856475e+00 nan
-7.550225842779850760e-01 4.352177357189065954e-02 -6.348782724359697260e-01 2.120000000000000000e+02 1.290827587000872064e-13 -5.991464547107852923e+00 nan
-7.497175320482915017e-01 4.335042957447095280e-02 -6.396064136319157267e-01 2.110000000000000000e+02 1.346615566368831802e-13 -5.991464547107847594e+00 nan
-7.444404749474472505e-01 4.332580320515407035e-02 -6.443570163905135706e-01 2.100000000000000000e+02 1.537420200973418249e-13 -5.991464547107828054e+00 nan
-7.391911190613029703e-01 4.239869809127429917e-02 -6.491302951431712209e-01 2.090000000000000000e+02 1.544521821983388789e-13 -5.991464547107828054e+00 nan
-7.339691750801508041e-01 4.179369563458546627e-02 -6.539264674066642691e-01 2.080000000000000000e+02 1.616604074874029468e-13 -5.991464547107820948e+00 nan
-7.287743582030462575e-01 4.011781086333508772e-02 -6.587457538426131354e-01 2.070000000000000000e+02 1.667073840519151709e-13 -5.991464547107814731e+00 nan
-7.236063880446030883e-01 3.785562660134690616e-02 -6.635883783184011175e-01 2.060000000000000000e+02 1.711849696455421114e-13 -5.991464547107811178e+00 nan
-7.184649885441838357e-01 3.801586907354547601e-02 -6.684545679695740317e-01 2.050000000000000000e+02 1.728535541812340094e-13 -5.991464547107809402e+00 nan
-7.133498878774128249e-01 3.885437323149921324e-02 -6.733445532637658548e-01 2.040000000000000000e+02 1.733981053656236302e-13 -5.991464547107808514e+00 nan
-7.082608183699409254e-01 3.944963696964509658e-02 -6.782585680661948890e-01 2.030000000000000000e+02 1.776437272883553989e-13 -5.991464547107804073e+00 nan
-7.031975164133935641e-01 4.139648709240351110e-02 -6.831968497067774093e-01 2.020000000000000000e+02 1.784417835588424023e-13 -5.991464547107804073e+00 nan
-6.981597223834358212e-01 4.141057309352839250e-02 -6.881596390489064241e-01 2.010000000000000000e+02 1.832434940826382151e-13 -5.991464547107799632e+00 nan
-6.931471805598908853e-01 3.907807184542139850e-02 -6.931471805599455083e-01 2.000000000000000000e+02 1.929573610141219047e-13 -5.991464547107788974e+00 nan
-6.881596390488511350e-01 3.874474640570173961e-02 -6.981597223834897781e-01 1.990000000000000000e+02 2.004947810545356868e-13 -5.991464547107780980e+00 nan
-6.831968497067214541e-01 3.703635727963252439e-02 -7.031975164134469658e-01 1.980000000000000000e+02 2.019672413910622386e-13 -5.991464547107780980e+00 nan
-6.782585680661381566e-01 3.682675628042707261e-02 -7.082608183699936610e-01 1.970000000000000000e+02 2.035361135135548318e-13 -5.991464547107779204e+00 nan
-6.733445532637083453e-01 3.544335541673841738e-02 -7.133498878774648944e-01 1.960000000000000000e+02 2.061994280016943186e-13 -5.991464547107775651e+00 nan
-6.684545679695158560e-01 3.576181611918975017e-02 -7.184649885442353501e-01 1.950000000000000000e+02 2.081401937379340839e-13 -5.991464547107774763e+00 nan
-6.635883783183422757e-01 3.614992983627030726e-02 -7.236063880446540475e-01 1.940000000000000000e+02 2.149891062522801638e-13 -5.991464547107767658e+00 nan
-6.587457538425535164e-01 3.735513270420634524e-02 -7.287743582030966616e-01 1.930000000000000000e+02 2.159452520926303702e-13 -5.991464547107766769e+00 nan
-6.539264674066038729e-01 3.750543381346739535e-02 -7.339691750802006531e-01 1.920000000000000000e+02 2.291953383363738155e-13 -5.991464547107753447e+00 nan
-6.491302951431100476e-01 3.598636733418646150e-02 -7.391911190613523752e-01 1.910000000000000000e+02 2.358679666372469978e-13 -5.991464547107746341e+00 nan
-6.443570163904515091e-01 3.365107068673472285e-02 -7.444404749474961003e-01 1.900000000000000000e+02 2.398398769910996614e-13 -5.991464547107742789e+00 nan
-6.396064136318528881e-01 3.273438004417512925e-02 -7.497175320483399075e-01 1.890000000000000000e+02 2.415370179918379204e-13 -5.991464547107741012e+00 nan
-6.348782724359061103e-01 3.237574954493923490e-02 -7.550225842780330376e-01 1.880000000000000000e+02 2.492709480230527755e-13 -5.991464547107733019e+00 nan
-6.301723813984926315e-01 3.468336402169693716e-02 -7.603559302533956510e-01 1.870000000000000000e+02 2.840552984841525174e-13 -5.991464547107698380e+00 nan
-6.254885320860652520e-01 3.278201783518285700e-02 -7.657178733947810345e-01 1.860000000000000000e+02 2.903986516845659723e-13 -5.991464547107692162e+00 nan
-6.208265189802528727e-01 3.218162747795316053e-02 -7.711087220296574118e-01 1.850000000000000000e+02 2.999295060239879257e-13 -5.991464547107681504e+00 nan
-6.161861394237495571e-01 3.035211002131595753e-02 -7.765287894989966189e-01 1.840000000000000000e+02 3.003855520354397602e-13 -5.991464547107682392e+00 nan
-6.115671935674539261e-01 3.093044027573120872e-02 -7.819783942665613496e-01 1.830000000000000000e+02 3.131459135381728053e-13 -5.991464547107669070e+00 nan
-6.069694843188233602e-01 3.155330992107667487e-02 -7.874578600311868959e-01 1.820000000000000000e+02 3.228326736012006054e-13 -5.991464547107659300e+00 nan
-6.023928172914103651e-01 3.008768229286770679e-02 -7.929675158421565229e-01 1.810000000000000000e+02 3.298568562528753137e-13 -5.991464547107653082e+00 nan
-5.978370007555484644e-01 3.072528780246535501e-02 -7.985076962177718451e-01 1.800000000000000000e+02 3.566154230326794871e-13 -5.991464547107625549e+00 nan
-5.933018455901558630e-01 2.976399880014058558e-02 -8.040787412672272261e-01 1.790000000000000000e+02 3.689755600426892653e-13 -5.991464547107614003e+00 nan
-5.887871652356279073e-01 2.877405939843392935e-02 -8.096809968158971138e-01 1.780000000000000000e+02 3.931177901888753147e-13 -5.991464547107589134e+00 nan
-5.842927756477871437e-01 2.880252951712407652e-02 -8.153148145341531094e-01 1.770000000000000000e+02 4.111718575012820450e-13 -5.991464547107570482e+00 nan
-5.798184952528645519e-01 2.931468999267010031e-02 -8.209805520698304493e-01 1.760000000000000000e+02 4.240935804427299446e-13 -5.991464547107558047e+00 nan
-5.753641449034827549e-01 2.910581250441630213e-02 -8.266785731844681351e-01 1.750000000000000000e+02 4.278116756519329580e-13 -5.991464547107554495e+00 nan
-5.709295478356154474e-01 2.876572170595226297e-02 -8.324092478934531636e-01 1.740000000000000000e+02 4.282406629037800872e-13 -5.991464547107554495e+00 nan
-5.665145296264971764e-01 2.802071251574494298e-02 -8.381729526102031924e-01 1.730000000000000000e+02 4.287121580127277223e-13 -5.991464547107553607e+00 nan
-5.621189181534576029e-01 2.869302790924083135e-02 -8.439700702945290844e-01 1.720000000000000000e+02 4.906860302157513348e-13 -5.991464547107491434e+00 nan
-5.577425435536569331e-01 3.091540347126514945e-02 -8.498009906053223261e-01 1.710000000000000000e+02 5.179447413143085498e-13 -5.991464547107464789e+00 nan
-5.533852381846993129e-01 3.259167379866645398e-02 -8.556661100577204193e-01 1.700000000000000000e+02 5.685632639062869300e-13 -5.991464547107414162e+00 nan
-5.490468365860990962e-01 3.215651361699143479e-02 -8.615658321849086754e-01 1.690000000000000000e+02 5.782287575186814385e-13 -5.991464547107404393e+00 nan
-5.447271754415805578e-01 3.233530397759975389e-02 -8.675005677047231689e-01 1.680000000000000000e+02 5.863595367436895134e-13 -5.991464547107395511e+00 nan
-5.404260935421878465e-01 3.236825735880605182e-02 -8.734707346912269355e-01 1.670000000000000000e+02 5.867998543505932853e-13 -5.991464547107395511e+00 nan
-5.361434317501848623e-01 3.189273090929525822e-02 -8.794767587514388252e-01 1.660000000000000000e+02 5.897347934244662536e-13 -5.991464547107392846e+00 nan
-5.318790329637251846e-01 3.297320052201791613e-02 -8.855190732074014193e-01 1.650000000000000000e+02 5.954966107067369549e-13 -5.991464547107386629e+00 nan
-5.276327420822719549e-01 3.385131758762260218e-02 -8.915981192837836300e-01 1.640000000000000000e+02 6.025449842642508203e-13 -5.991464547107380412e+00 nan
-5.234044059727487319e-01 3.313156241628464199e-02 -8.977143463012197122e-01 1.630000000000000000e+02 6.054335475700368980e-13 -5.991464547107375971e+00 nan
-5.191938734364031083e-01 3.226590403088437642e-02 -9.038682118755979600e-01 1.620000000000000000e+02 6.137459525391313289e-13 -5.991464547107367977e+00 nan
-5.150009951763649951e-01 3.167614082383188312e-02 -9.100601821235190236e-01 1.610000000000000000e+02 6.291577043251321411e-13 -5.991464547107353766e+00 nan
-5.108256237658821419e-01 3.239783261395774716e-02 -9.162907318741551066e-01 1.600000000000000000e+02 6.355063725186651724e-13 -5.991464547107345773e+00 nan
-5.066676136172162392e-01 3.181377763978256168e-02 -9.225603448877505164e-01 1.590000000000000000e+02 6.584839102577501176e-13 -5.991464547107323568e+00 nan
-5.025268209511826178e-01 3.166433496598500957e-02 -9.288695140810152573e-01 1.580000000000000000e+02 6.952794695368518603e-13 -5.991464547107287153e+00 nan
-4.984031037673181674e-01 3.058295880345272832e-02 -9.352187417596740104e-01 1.570000000000000000e+02 7.051096750440204335e-13 -5.991464547107276495e+00 nan
-4.942963218146623205e-01 3.015845359657933281e-02 -9.416085398584450594e-01 1.560000000000000000e+02 7.441956339561512643e-13 -5.991464547107238303e+00 nan
-4.902063365631346703e-01 2.981939593361363980e-02 -9.480394301887354880e-01 1.550000000000000000e+02 7.900605011944493638e-13 -5.991464547107192118e+00 nan
-4.861330111754961214e-01 3.081413941940265230e-02 -9.545119446943529651e-01 1.540000000000000000e+02 8.462175160389094683e-13 -5.991464547107136163e+00 nan
-4.820762104798788084e-01 3.167406606288381693e-02 -9.610266257155466452e-01 1.530000000000000000e+02 8.503630482100607900e-13 -5.991464547107131722e+00 nan
-4.780358009428709032e-01 3.299215089166989551e-02 -9.675840262617056986e-01 1.520000000000000000e+02 8.675678360020661530e-13 -5.991464547107114846e+00 nan
-4.740116506431424903e-01 3.096316026031812468e-02 -9.741847102930577540e-01 1.510000000000000000e+02 9.240888854516260701e-13 -5.991464547107058003e+00 nan
-4.700036292456005182e-01 3.251538356559991599e-02 -9.808292530117262986e-01 1.500000000000000000e+02 9.346182905604363244e-13 -5.991464547107047345e+00 nan
-4.660116079760598939e-01 3.200163412745962721e-02 -9.875182411625229584e-01 1.490000000000000000e+02 9.361745246859729018e-13 -5.991464547107046457e+00 nan
-4.620354595964172861e-01 3.194078555339462805e-02 -9.942522733438670102e-01 1.480000000000000000e+02 9.670455794337764098e-13 -5.991464547107014482e+00 nan
-4.580750583803170906e-01 3.183183344919821717e-02 -1.001031960329245685e+00 1.470000000000000000e+02 1.023037546958696247e-12 -5.991464547106958527e+00 nan
-4.541302800892972891e-01 3.338039115044222349e-02 -1.007857925399645582e+00 1.460000000000000000e+02 1.067103606958250204e-12 -5.991464547106915006e+00 nan
-4.502010019494041004e-01 3.282225803535871594e-02 -1.014730804687407728e+00 1.450000000000000000e+02 1.089443079688361170e-12 -5.991464547106891914e+00 nan
-4.462871026282640985e-01 3.273083040253582654e-02 -1.021651247531981443e+00 1.440000000000000000e+02 1.153976803854418374e-12 -5.991464547106828853e+00 nan
-4.423884622126029176e-01 3.203613885378932269e-02 -1.028619916848074745e+00 1.430000000000000000e+02 1.191672832823612493e-12 -5.991464547106789773e+00 nan
-4.385049621862012748e-01 3.127220244191223492e-02 -1.035637489506721298e+00 1.420000000000000000e+02 1.209395344419696626e-12 -5.991464547106772898e+00 nan
-4.346364854082769291e-01 3.268609115344322386e-02 -1.042704656729813717e+00 1.410000000000000000e+02 1.228995348012321799e-12 -5.991464547106753358e+00 nan
-4.307829160922828637e-01 3.300822286756475293e-02 -1.049822124498677622e+00 1.400000000000000000e+02 1.285849576884447870e-12 -5.991464547106695626e+00 nan
-4.269441397851129194e-01 3.233683940535005824e-02 -1.056990613977290216e+00 1.390000000000000000e+02 1.340764630592291935e-12 -5.991464547106640559e+00 nan
-4.231200433467049993e-01 3.341034765935622930e-02 -1.064210861950777298e+00 1.380000000000000000e+02 1.341498033120430417e-12 -5.991464547106641447e+00 nan
-4.193105149300329071e-01 3.387798744645240112e-02 -1.071483621279857079e+00 1.370000000000000000e+02 1.352861840911464708e-12 -5.991464547106629901e+00 nan
-4.155154439614768824e-01 3.343642511910747961e-02 -1.078809661371930018e+00 1.360000000000000000e+02 1.384227901819985613e-12 -5.991464547106597927e+00 nan
-4.117347211215663383e-01 3.501762427566708358e-02 -1.086189768669552524e+00 1.350000000000000000e+02 1.401261533791371577e-12 -5.991464547106581051e+00 nan
-4.079682383260849199e-01 3.514627579413466540e-02 -1.093624747157070587e+00 1.340000000000000000e+02 1.403197184074941454e-12 -5.991464547106578387e+00 nan
-4.042158887075299467e-01 3.555875044691907128e-02 -1.101115418886228214e+00 1.330000000000000000e+02 1.405390572303223648e-12 -5.991464547106576610e+00 nan
-4.004775665969182996e-01 3.457021268326981173e-02 -1.108662624521611129e+00 1.320000000000000000e+02 1.562108500027026791e-12 -5.991464547106419403e+00 nan
-3.967531675059308149e-01 3.533197875317825587e-02 -1.116267223906830530e+00 1.310000000000000000e+02 1.573904554479784409e-12 -5.991464547106407856e+00 nan
-3.930425881093901341e-01 3.410098413784239113e-02 -1.123930096652399735e+00 1.300000000000000000e+02 1.647871232771366525e-12 -5.991464547106334138e+00 nan
-3.893457262280586861e-01 3.352629442055053699e-02 -1.131652142746309986e+00 1.290000000000000000e+02 1.663276797263670507e-12 -5.991464547106318150e+00 nan
-3.856624808117569692e-01 3.334562909669485514e-02 -1.139434283188365038e+00 1.280000000000000000e+02 1.743136505174539374e-12 -5.991464547106238214e+00 nan
-3.819927519227889756e-01 3.377692869037995926e-02 -1.147277460649390957e+00 1.270000000000000000e+02 1.996024967022781098e-12 -5.991464547105986860e+00 nan
-3.783364407196720403e-01 3.311076354481981565e-02 -1.155182640156504181e+00 1.260000000000000000e+02 2.020914713801271439e-12 -5.991464547105961991e+00 nan
-3.746934494411645056e-01 3.525541703246547198e-02 -1.163150809805681085e+00 1.250000000000000000e+02 2.075728572596885292e-12 -5.991464547105906924e+00 nan
-3.710636813905791587e-01 3.634713712009984832e-02 -1.171182981502945308e+00 1.240000000000000000e+02 2.144412637833624454e-12 -5.991464547105838534e+00 nan
-3.674470409203838273e-01 3.604663600556357039e-02 -1.179280191735564642e+00 1.230000000000000000e+02 2.348286422423980484e-12 -5.991464547105633365e+00 nan
-3.638434334170777551e-01 3.512681140944577673e-02 -1.187443502374725623e+00 1.220000000000000000e+02 2.366576274370949813e-12 -5.991464547105615601e+00 nan
-3.602527652863416474e-01 3.492632738542627430e-02 -1.195674001511241036e+00 1.210000000000000000e+02 2.387306461923442825e-12 -5.991464547105595173e+00 nan
-3.566749439384501175e-01 3.449838386631231407e-02 -1.203972804325936119e+00 1.200000000000000000e+02 2.472065204186632138e-12 -5.991464547105509908e+00 nan
-3.531098777739461458e-01 3.262152030863516017e-02 -1.212341053996452755e+00 1.190000000000000000e+02 2.509756247181219956e-12 -5.991464547105472604e+00 nan
-3.495574761695704469e-01 3.326125886919918673e-02 -1.220779922642317272e+00 1.180000000000000000e+02 2.525820712019178088e-12 -5.991464547105456617e+00 nan
-3.460176494644385259e-01 3.243172241484226087e-02 -1.229290612310225850e+00 1.170000000000000000e+02 2.564743427725421373e-12 -5.991464547105417537e+00 nan
-3.424903089464621520e-01 3.198220408186969871e-02 -1.237874356001617215e+00 1.160000000000000000e+02 2.572153883135388287e-12 -5.991464547105409544e+00 nan
-3.389753668390097507e-01 3.078662214040817427e-02 -1.246532418744731752e+00 1.150000000000000000e+02 2.590964292910580460e-12 -5.991464547105390892e+00 nan
-3.354727362877997776e-01 3.008303545066046830e-02 -1.255266098713486267e+00 1.140000000000000000e+02 2.600519937724435218e-12 -5.991464547105381122e+00 nan
-3.319823313480233518e-01 2.907210680185653290e-02 -1.264076728395641114e+00 1.130000000000000000e+02 2.750987611242240788e-12 -5.991464547105231020e+00 nan
-3.285040669716901562e-01 2.731480524435228943e-02 -1.272965675812887110e+00 1.120000000000000000e+02 2.911008759408482158e-12 -5.991464547105069371e+00 nan
-3.250378589951950503e-01 2.678602033447941358e-02 -1.281934345795647578e+00 1.110000000000000000e+02 2.960552826019319923e-12 -5.991464547105021410e+00 nan
-3.215836241270985107e-01 2.645835800677100863e-02 -1.290984181315565582e+00 1.100000000000000000e+02 3.107592219935762154e-12 -5.991464547104874860e+00 nan
-3.181412799361162946e-01 2.735936704466466682e-02 -1.300116664878838035e+00 1.090000000000000000e+02 3.218094172279594069e-12 -5.991464547104763838e+00 nan
-3.147107448393173246e-01 2.590988117860566764e-02 -1.309333319983762012e+00 1.080000000000000000e+02 3.258659082057501797e-12 -5.991464547104722982e+00 nan
-3.112919380905219691e-01 2.559213799408648071e-02 -1.318635712646075486e+00 1.070000000000000000e+02 3.262709401029279653e-12 -5.991464547104718541e+00 nan
-3.078847797688978871e-01 2.523480374579331262e-02 -1.328025452995914568e+00 1.060000000000000000e+02 3.421948929729253045e-12 -5.991464547104559557e+00 nan
-3.044891907677494403e-01 2.440238159512910995e-02 -1.337504196950458413e+00 1.050000000000000000e+02 3.555887122118375037e-12 -5.991464547104425442e+00 nan
-3.011050927834982849e-01 2.458215778640982646e-02 -1.347073647966609222e+00 1.040000000000000000e+02 3.565987484537942561e-12 -5.991464547104415672e+00 nan
-2.977324083048484837e-01 2.469332690918663031e-02 -1.356735558878346071e+00 1.030000000000000000e+02 3.582743310345036614e-12 -5.991464547104398797e+00 nan
-2.943710606021330833e-01 2.569919301992979604e-02 -1.366491733823710808e+00 1.020000000000000000e+02 3.597817708250801470e-12 -5.991464547104383698e+00 nan
-2.910209737168405475e-01 2.538239421102033919e-02 -1.376344030266722473e+00 1.010000000000000000e+02 3.657233273018076898e-12 -5.991464547104325078e+00 nan
-2.876820724513152183e-01 2.327690014630093285e-02 -1.386294361119890572e+00 1.000000000000000000e+02 3.709163318021463520e-12 -5.991464547104273564e+00 nan
-2.843542823586297508e-01 2.411136221014729270e-02 -1.396344696973391919e+00 9.900000000000000000e+01 3.859906475930171307e-12 -5.991464547104121685e+00 nan
-2.810375297326246358e-01 2.292637422341043535e-02 -1.406497068437409848e+00 9.800000000000000000e+01 3.966280657861910172e-12 -5.991464547104015992e+00 nan
-2.777317415981136461e-01 2.318468998803066214e-02 -1.416753568604598890e+00 9.700000000000000000e+01 3.987590970030597898e-12 -5.991464547103993787e+00 nan
-2.744368457012495988e-01 2.302780060426937170e-02 -1.427116355640145384e+00 9.600000000000000000e+01 4.035941442835448932e-12 -5.991464547103945826e+00 nan
-2.711527705000481014e-01 2.416113273575698842e-02 -1.437587655507440720e+00 9.500000000000000000e+01 4.371904681302550260e-12 -5.991464547103610094e+00 nan
-2.678794451550663980e-01 2.496952735456660702e-02 -1.448169764837977658e+00 9.400000000000000000e+01 4.375526637961923134e-12 -5.991464547103606542e+00 nan
-2.646167995202375334e-01 2.655250279033572261e-02 -1.458865053954725655e+00 9.300000000000000000e+01 5.407158553028137905e-12 -5.991464547102574478e+00 nan
-2.613647641338444627e-01 2.728546383562681713e-02 -1.469675970058941239e+00 9.200000000000000000e+01 5.568303413790012362e-12 -5.991464547102413718e+00 nan
-2.581232702096572518e-01 2.823083559977829227e-02 -1.480605040591131516e+00 9.100000000000000000e+01 5.600216559402850576e-12 -5.991464547102380855e+00 nan
-2.548922496281945671e-01 2.728623797946711990e-02 -1.491654876777716465e+00 9.000000000000000000e+01 5.604384664531139027e-12 -5.991464547102377303e+00 nan
-2.516716349281362675e-01 2.744923881315245243e-02 -1.502828177375841623e+00 8.900000000000000000e+01 5.723668798650944050e-12 -5.991464547102257399e+00 nan
-2.484613592978716645e-01 2.611443816817497071e-02 -1.514127732629775069e+00 8.800000000000000000e+01 6.132542359779130123e-12 -5.991464547101848837e+00 nan
-2.452613565671832030e-01 2.634283456506255131e-02 -1.525556428453397784e+00 8.700000000000000000e+01 6.361611451272715944e-12 -5.991464547101619686e+00 nan
-2.420715611990648386e-01 2.656374226317824785e-02 -1.537117250854473705e+00 8.600000000000000000e+01 6.781573822127803072e-12 -5.991464547101199578e+00 nan
-2.388919082816657047e-01 2.580042494693986568e-02 -1.548813290617665039e+00 8.500000000000000000e+01 7.447521017739354664e-12 -5.991464547100534332e+00 nan
-2.357223335203652570e-01 2.508269860878974133e-02 -1.560647748264667900e+00 8.400000000000000000e+01 7.475290791056830386e-12 -5.991464547100505911e+00 nan
-2.325627732299754002e-01 2.534443517298574575e-02 -1.572623939311383667e+00 8.300000000000000000e+01 7.808395617026761271e-12 -5.991464547100173732e+00 nan
-2.294131643270569121e-01 2.491928230461007768e-02 -1.584745299843728583e+00 8.200000000000000000e+01 7.819618218992324880e-12 -5.991464547100162186e+00 nan
-2.262734443223670122e-01 2.484713716056388688e-02 -1.597015392435543024e+00 8.100000000000000000e+01 8.650183211578975625e-12 -5.991464547099332627e+00 nan
-2.231435513134147341e-01 2.457865281880096744e-02 -1.609437912434100282e+00 8.000000000000000000e+01 8.928652685680136275e-12 -5.991464547099052851e+00 nan
-2.200234239771457490e-01 2.592585895730353460e-02 -1.622016694640960432e+00 7.900000000000000000e+01 1.024228934414233019e-11 -5.991464547097739235e+00 nan
-2.169130015627240560e-01 2.598088913084848836e-02 -1.634755720418390235e+00 7.800000000000000000e+01 1.113142021514180481e-11 -5.991464547096850168e+00 nan
-2.138122238844439860e-01 2.561705928760107595e-02 -1.647659125254298029e+00 7.700000000000000000e+01 1.118396437251736485e-11 -5.991464547096798654e+00 nan
-2.107210313147393488e-01 2.654138401526935295e-02 -1.660731206821650874e+00 7.600000000000000000e+01 1.127440374156785276e-11 -5.991464547096707172e+00 nan
-2.076393647772993567e-01 2.620989967562308356e-02 -1.673976433571671585e+00 7.500000000000000000e+01 1.143486824913895701e-11 -5.991464547096546411e+00 nan
-2.045671657402970134e-01 2.722835563559354924e-02 -1.687399453903812185e+00 7.400000000000000000e+01 1.249531237447660607e-11 -5.991464547095487703e+00 nan
-2.015043762097160351e-01 2.610575567022602878e-02 -1.701005105959590757e+00 7.300000000000000000e+01 1.396976203257472915e-11 -5.991464547094011550e+00 nan
-1.984509387227861854e-01 2.627680044514735594e-02 -1.714798428091926619e+00 7.200000000000000000e+01 1.482179224488263995e-11 -5.991464547093159787e+00 nan
-1.954067963415161702e-01 2.616678129736738426e-02 -1.728784670066666473e+00 7.100000000000000000e+01 1.715774799945305037e-11 -5.991464547090823878e+00 nan
-1.923718926463134637e-01 2.579422528233398654e-02 -1.742969305058622798e+00 7.000000000000000000e+01 1.795306528673828062e-11 -5.991464547090029846e+00 nan
-1.893461717297257041e-01 2.506794275680990572e-02 -1.757358042510722473e+00 6.900000000000000000e+01 1.879503598715249848e-11 -5.991464547089187853e+00 nan
-1.863295781902470361e-01 2.368183281924269787e-02 -1.771956841931875193e+00 6.800000000000000000e+01 1.957421967236502624e-11 -5.991464547088408032e+00 nan
-1.833220571262367260e-01 2.370631742083823684e-02 -1.786771927717015762e+00 6.700000000000000000e+01 1.991670130201052032e-11 -5.991464547088065196e+00 nan
-1.803235541299244016e-01 2.329750603072789500e-02 -1.801809805081556304e+00 6.600000000000000000e+01 2.036649633812121952e-11 -5.991464547087614889e+00 nan
-1.773340152815016391e-01 2.223380141661865372e-02 -1.817077277212344688e+00 6.500000000000000000e+01 2.120188865400176235e-11 -5.991464547086780001e+00 nan
-1.743533871433049498e-01 2.272494785958482574e-02 -1.832581463748309991e+00 6.400000000000000000e+01 2.161285123048658625e-11 -5.991464547086368775e+00 nan
-1.713816167540876956e-01 2.197364495831940698e-02 -1.848329820716449134e+00 6.300000000000000000e+01 2.271263360729447606e-11 -5.991464547085269210e+00 nan
-1.684186516233679709e-01 2.234229625632382088e-02 -1.864330162062890262e+00 6.200000000000000000e+01 2.532917795544999271e-11 -5.991464547082652636e+00 nan
-1.654644397258664690e-01 2.229084595147214076e-02 -1.880590682934670577e+00 6.100000000000000000e+01 2.551755280664471485e-11 -5.991464547082464343e+00 nan
-1.625189294960394937e-01 2.154161270799082040e-02 -1.897119984885881072e+00 6.000000000000000000e+01 2.635024186854853051e-11 -5.991464547081631231e+00 nan
-1.595820698226576018e-01 2.121067926846673460e-02 -1.913927103202262225e+00 5.900000000000000000e+01 2.747299478291443258e-11 -5.991464547080508574e+00 nan
-1.566538100434941849e-01 2.109456302936164873e-02 -1.931021536561562391e+00 5.800000000000000000e+01 2.968550550479490411e-11 -5.991464547078296121e+00 nan
-1.537340999400783614e-01 2.090906148634477657e-02 -1.948413279273431664e+00 5.700000000000000000e+01 3.279296602228519918e-11 -5.991464547075188385e+00 nan
-1.508228897325303020e-01 1.977035248258880717e-02 -1.966112856372832507e+00 5.600000000000000000e+01 3.574562671201869352e-11 -5.991464547072236968e+00 nan
-1.479201300744712455e-01 1.962487554033328849e-02 -1.984131361875510757e+00 5.500000000000000000e+01 3.806811386523011330e-11 -5.991464547069913493e+00 nan
-1.450257720480029322e-01 2.063919047971123077e-02 -2.002480500543707187e+00 5.400000000000000000e+01 3.827322689097830205e-11 -5.991464547069708324e+00 nan
-1.421397671587641964e-01 1.966072495922912763e-02 -2.021172633555859743e+00 5.300000000000000000e+01 3.943380477641110851e-11 -5.991464547068547475e+00 nan
-1.392620673310425161e-01 1.842980230398912761e-02 -2.040220828526554175e+00 5.200000000000000000e+01 3.946613363058718544e-11 -5.991464547068515500e+00 nan
-1.363926249029836779e-01 1.932519195019496983e-02 -2.059638914383655539e+00 5.100000000000000000e+01 4.081313598311668150e-11 -5.991464547067167246e+00 nan
-1.335313926218422154e-01 1.898404984238341239e-02 -2.079441541679835304e+00 5.000000000000000000e+01 4.896816991927458791e-11 -5.991464547059012880e+00 nan
-1.306783236393039005e-01 1.846716743795661156e-02 -2.099644248997354801e+00 4.900000000000000000e+01 5.060664720604412821e-11 -5.991464547057374190e+00 nan
-1.278333715069368270e-01 1.748726030964991435e-02 -2.120263536200090559e+00 4.800000000000000000e+01 5.214218145126944224e-11 -5.991464547055839418e+00 nan
-1.249964901715977933e-01 1.741264979291497900e-02 -2.141316945397922833e+00 4.700000000000000000e+01 5.249875839414072453e-11 -5.991464547055482370e+00 nan
-1.221676339709805298e-01 1.650929700972596226e-02 -2.162823150618886636e+00 4.600000000000000000e+01 5.659183932319961204e-11 -5.991464547051389644e+00 nan
-1.193467576291888654e-01 1.668995920240815001e-02 -2.184802057337662085e+00 4.500000000000000000e+01 5.999158029892320683e-11 -5.991464547047989697e+00 nan
-1.165338162524151705e-01 1.492936439109249225e-02 -2.207274913189720689e+00 4.400000000000000000e+01 6.030531373418026831e-11 -5.991464547047676170e+00 nan
-1.137287653246475266e-01 1.470580400628636840e-02 -2.230264431414419324e+00 4.300000000000000000e+01 6.121644022123955833e-11 -5.991464547046764899e+00 nan
-1.109315607034256218e-01 1.466949608524280649e-02 -2.253794928824613297e+00 4.200000000000000000e+01 6.205762882080750021e-11 -5.991464547045923794e+00 nan
-1.081421586156849357e-01 1.480795829605278252e-02 -2.277892480403673758e+00 4.100000000000000000e+01 6.429271536775656645e-11 -5.991464547043689137e+00 nan
-1.053605156536406989e-01 1.418947387018494079e-02 -2.302585092994045457e+00 4.000000000000000000e+01 6.536130304219305194e-11 -5.991464547042620659e+00 nan
-1.025865887707460011e-01 1.477243673823619950e-02 -2.327902900978335410e+00 3.900000000000000000e+01 6.638711673854530718e-11 -5.991464547041594813e+00 nan
-9.982033527768451042e-02 1.484415635453248394e-02 -2.353878387381596049e+00 3.800000000000000000e+01 7.341080234974794368e-11 -5.991464547034571098e+00 nan
-9.706171283841502628e-02 1.467962407737372424e-02 -2.380546634463757361e+00 3.700000000000000000e+01 7.430882416158666255e-11 -5.991464547033673149e+00 nan
-9.431067946633395205e-02 1.396127306155647667e-02 -2.407945608651871794e+00 3.600000000000000000e+01 8.276514113129541428e-11 -5.991464547025216802e+00 nan
-9.156719352036979398e-02 1.340822545650952914e-02 -2.436116485618568195e+00 3.500000000000000000e+01 8.522338361406096451e-11 -5.991464547022758325e+00 nan
-8.883121370127618210e-02 1.341819878223526191e-02 -2.465104022491820590e+00 3.400000000000000000e+01 9.648394653505323840e-11 -5.991464547011498887e+00 nan
-8.610269904782381911e-02 1.310832038182602882e-02 -2.494956985641501923e+00 3.300000000000000000e+01 1.037684695055998117e-10 -5.991464547004214047e+00 nan
-8.338160893319636335e-02 1.324807322368000070e-02 -2.525728644308255610e+00 3.200000000000000000e+01 1.068016890797558319e-10 -5.991464547001180918e+00 nan
-8.066790306132654020e-02 1.272019657153354230e-02 -2.557477342622835881e+00 3.100000000000000000e+01 1.070573145361089029e-10 -5.991464547000925123e+00 nan
-7.796154146331081558e-02 1.203288486218744187e-02 -2.590267165445826691e+00 3.000000000000000000e+01 1.138326658560301163e-10 -5.991464546994150098e+00 nan
-7.526248449385623818e-02 1.215880577664091820e-02 -2.624168717121508010e+00 2.900000000000000000e+01 1.151546224018588854e-10 -5.991464546992827600e+00 nan
-7.257069282785325037e-02 1.247899233641798847e-02 -2.659260036932777904e+00 2.800000000000000000e+01 1.320078579233248641e-10 -5.991464546975973526e+00 nan
-6.988612745684907868e-02 1.193591323312542113e-02 -2.695627681103652584e+00 2.700000000000000000e+01 1.396186588826304508e-10 -5.991464546968362725e+00 nan
-6.720874968577893183e-02 1.287311682596241000e-02 -2.733368009086499573e+00 2.600000000000000000e+01 1.454425538411839121e-10 -5.991464546962538940e+00 nan
-6.453852112953266384e-02 1.259018974309421453e-02 -2.772588722239780701e+00 2.500000000000000000e+01 1.491040172453932808e-10 -5.991464546958876980e+00 nan
-6.187540370967378744e-02 1.227311924739725273e-02 -2.813410716760035957e+00 2.400000000000000000e+01 1.648108287745004622e-10 -5.991464546943171321e+00 nan
-5.921935965114269451e-02 1.199314881077528060e-02 -2.855970331178832033e+00 2.300000000000000000e+01 1.798062233386117553e-10 -5.991464546928175317e+00 nan
-5.657035147911344819e-02 1.240292237707661845e-02 -2.900422093749666086e+00 2.200000000000000000e+01 1.947400982405883079e-10 -5.991464546913242373e+00 nan
-5.392834201578545344e-02 1.144845406897245996e-02 -2.946942109384559139e+00 2.100000000000000000e+01 2.082755576131080450e-10 -5.991464546899707422e+00 nan
-5.129329437725797108e-02 1.104179954685045525e-02 -2.995732273553991298e+00 2.000000000000000000e+01 2.556955789424801546e-10 -5.991464546852286688e+00 nan
-4.866517197034436054e-02 1.052654782162711945e-02 -3.047025567941541890e+00 1.900000000000000000e+01 2.564122210592083530e-10 -5.991464546851570816e+00 nan
-4.604393848982753917e-02 9.473014648366129969e-03 -3.101092789211817635e+00 1.800000000000000000e+01 2.668870156589620461e-10 -5.991464546841095640e+00 nan
-4.342955791509013619e-02 8.362188780360444232e-03 -3.158251203051766431e+00 1.700000000000000000e+01 2.780222770800325961e-10 -5.991464546829960547e+00 nan
-4.082199450731714696e-02 8.404544000995927203e-03 -3.218875824868201452e+00 1.600000000000000000e+01 2.838305443091376554e-10 -5.991464546824151860e+00 nan
-3.822121280655616654e-02 7.885494564871194795e-03 -3.283414346005772533e+00 1.500000000000000000e+01 2.914516104815823792e-10 -5.991464546816531289e+00 nan
-3.562717762878981481e-02 7.757199040861059540e-03 -3.352407217492724190e+00 1.400000000000000000e+01 3.049537465385662803e-10 -5.991464546803029201e+00 nan
-3.303985406308798667e-02 8.337008234156626299e-03 -3.426515189646445858e+00 1.300000000000000000e+01 3.694020678389821240e-10 -5.991464546738580310e+00 nan
-3.045920746868323314e-02 7.513437610219158604e-03 -3.506557897319982242e+00 1.200000000000000000e+01 3.812281712716291000e-10 -5.991464546726754214e+00 nan
-2.788520347257155557e-02 7.157682055081914137e-03 -3.593569274309611927e+00 1.100000000000000000e+01 3.848281368493937860e-10 -5.991464546723154427e+00 nan
-2.531780796638249606e-02 6.695395686547209527e-03 -3.688879454113936696e+00 1.000000000000000000e+01 5.206627943262598203e-10 -5.991464546587319973e+00 nan
-2.275698710342301950e-02 6.224288044262404201e-03 -3.794239969771763032e+00 9.000000000000000000e+00 5.675339622367109186e-10 -5.991464546540449021e+00 nan
-2.020270729692742739e-02 5.484142567467971928e-03 -3.912023005428146405e+00 8.000000000000000000e+00 7.114976637724716367e-10 -5.991464546396485069e+00 nan
-1.765493521637070268e-02 5.206448663471552676e-03 -4.045554398052669143e+00 7.000000000000000000e+00 7.434973908481202992e-10 -5.991464546364484889e+00 nan
-1.511363778586780060e-02 5.498482972036960320e-03 -4.199705077879927195e+00 6.000000000000000000e+00 7.602064835790139919e-10 -5.991464546347776476e+00 nan
-1.257878218081639327e-02 4.754230293803368701e-03 -4.382026634673882093e+00 5.000000000000000000e+00 8.418291948342594846e-10 -5.991464546266153768e+00 nan
-1.005033582539765352e-02 4.440239661999787792e-03 -4.605170185988091802e+00 4.000000000000000000e+00 8.725801817787170513e-10 -5.991464546235402366e+00 nan
-7.528266390560643326e-03 3.761691882608865500e-03 -4.892852258439872593e+00 3.000000000000000000e+00 1.095090515831212403e-09 -5.991464546012892356e+00 nan
-5.012541790637826608e-03 2.458614831746528014e-03 -5.298317366548037199e+00 2.000000000000000000e+00 1.324147728108203862e-09 -5.991464545783834694e+00 nan
-2.503130181975881958e-03 1.867951530467715617e-03 -5.298317366548037199e+00 1.000000000000000000e+00 1.373300720873313412e-09 -5.991464545734682012e+00 nan
