A B
2.071493451195946429e+06 1.081909187296522316e+06
8.132619545273147523e+07 6.279880295834371448e+07
4.238969711367425509e+06 4.028647681630497798e+06
1.477950048047880828e+07 2.239001647691457532e+06
4.024362749561155215e+06 3.012381623651764356e+06
6.468758540299655870e+06 6.260273725616797805e+06
4.130738641147261858e+07 3.264824681582207792e+06
2.482075567167316563e+06 1.416447715506414417e+06
5.569609094581089914e+07 4.908035002638163418e+07
4.383510069761684537e+07 1.095040893267653324e+07
1.841252064755728841e+07 2.377012861983728595e+06
6.452235575938102789e+06 1.528110940710653737e+07
5.018755694107856601e+06 2.217261252501781285e+07
1.773608327328741550e+07 2.682100992763779592e+06
5.867808266791688278e+06 6.404935369880900718e+06
9.891162015909170732e+06 1.518900966429845663e+06
1.173469880857691634e+06 2.656205139732515439e+06
3.591874740335726738e+07 8.717574804217880964e+07
3.409637629257180542e+07 3.392450328872829676e+07
2.296185205308422446e+06 7.515492247993415594e+07
2.373885571017125156e+06 4.462491013836472295e+06
2.680573825386900455e+06 2.983620937058420852e+07
1.060229138858011365e+07 1.403844739729307778e+07
1.524015669155483507e+07 3.319384698382647708e+06
2.692374115385843441e+07 2.382411700660378113e+07
2.105679710618047975e+06 5.558105187584070489e+06
5.017575392664447427e+06 3.510568827829771489e+07
2.190476926281049382e+06 3.978882178546338528e+07
1.987872961185500259e+06 3.080206067973005399e+07
1.143681974839971215e+07 1.016866671650312375e+06
2.812718754357446358e+07 1.177123924180277251e+07
9.205438779053506255e+07 2.931396938027277589e+07
4.207070693231198937e+07 2.203257895659937337e+07
5.370234277808384597e+07 5.245815029119533300e+07
2.685447821285140142e+07 1.022355078556090943e+06
1.256547824896619655e+06 1.506531266508073313e+06
2.127792240993736312e+06 7.247033018385934643e+06
3.787715427246162295e+07 1.001681671250276151e+06
5.082467970876925625e+06 3.208694393530932255e+06
8.033892155561031774e+06 5.440152172918609530e+07
1.351634839508598112e+07 9.942164492689281702e+07
2.894796030578959733e+06 1.822425519231894519e+06
5.014556461582275480e+07 5.289565727344691753e+07
2.970559224320811220e+06 3.564108356627227273e+06
5.164386317540300079e+06 2.612101631476221140e+06
5.218683016559687257e+07 4.061027610043086112e+07
1.313538271345024370e+07 2.689127029609465506e+06
4.847991365605331957e+07 4.824705614758333191e+06
2.290843266764407232e+07 2.557734223093801178e+06
6.779262476065680385e+06 1.102182396574169165e+06
8.173084887160934508e+06 3.575170165698385332e+06
1.861091270655209664e+06 3.572348664395917207e+07
2.928239445961157233e+07 4.559266492218194157e+07
1.029202424448028579e+07 3.526439312521276623e+07
1.439013091514402535e+06 1.180977765659847111e+07
8.734465977053945884e+06 1.170376614630396711e+06
5.406184676410248503e+06 1.318031965090076905e+06
1.286923242934348993e+06 1.297889031613635831e+07
1.458242938403715938e+07 6.019053062217920087e+06
6.522780566444398835e+06 1.146715087504961295e+06
9.452485025533193722e+06 2.717872373376659583e+06
1.614783470244714804e+07 2.443470622963463888e+07
6.311517785043792799e+06 2.407968745811524242e+07
1.789245889310461283e+07 9.169063868559385836e+07
3.184414045251915604e+07 1.961299765067690052e+06
2.075276928940204205e+06 1.829658456608055532e+07
1.496681813777229749e+06 4.805476794105922431e+07
9.540858545282324776e+06 1.356313757799411193e+06
1.822380595119012753e+06 3.608353986044768989e+07
1.594272640931684710e+07 2.512655749838179909e+06
2.305677782714639604e+07 2.604071154531600699e+07
5.254452124480596744e+06 7.684230658708069474e+06
1.892327311770672444e+06 3.918886945439566672e+07
1.436158455910887755e+07 3.994254187269895524e+07
1.595131159762793221e+06 1.147266413631538115e+07
1.421217544769668579e+07 4.758646590344102122e+06
2.207078977892947942e+07 3.823074542769103777e+06
1.278246425001260825e+06 2.166618723454991356e+07
4.925616898469634354e+07 2.262638345925349742e+06
5.407524422360663116e+07 7.420679358749636449e+06
1.920895210596689023e+06 2.170641459592228290e+06
1.229874397066103527e+06 7.293822970848360658e+07
1.842117300859018043e+07 9.220034182551845908e+07
4.329419204592492431e+06 8.736062350397096947e+06
7.548137645028824918e+06 1.145174806968880584e+06
2.668492453753793240e+07 1.196302291387160309e+06
1.584302680381666496e+07 8.021828874271586537e+07
8.235190945144997537e+07 8.335479310713723302e+07
9.182796142754351720e+06 1.592683469039279502e+06
1.167773232239639387e+06 1.094074476022444433e+06
7.826988323572677374e+07 5.261775131000858732e+06
3.626588995690201968e+07 1.534757384780260175e+07
1.149874234091314720e+06 1.115470167084467784e+07
1.063794979205507971e+07 6.064692469999250770e+07
1.423752702646030486e+07 5.141453305036852136e+06
1.716445845215804875e+06 2.021322463559248298e+07
3.120348752370455116e+07 1.186262342187402770e+07
2.583604154960801825e+07 1.269997100137198577e+06
3.946807178009152878e+06 2.554715763485917449e+07
1.518981339313857257e+07 1.775626330512331799e+06
5.688620604097904265e+07 9.847781101327445358e+06
4.286493120767067187e+06 7.270012353353666142e+06
1.956262131308508338e+06 6.341139463143991306e+06
2.482064165303761512e+07 2.103501422133710980e+07
2.099804320914927870e+06 9.601070840394501388e+07
2.213477132480918616e+07 3.494900985866019037e+06
3.208561421534334123e+07 1.105727361861729994e+06
1.327287906248778105e+06 1.965258927388475509e+06
6.973537236084761098e+06 1.175721535957877757e+06
1.215064754771640524e+07 6.582842974884959310e+07
4.865062675039715134e+06 1.441839064072703477e+06
1.202635826282336749e+07 2.067536797838339116e+06
6.491593192241531610e+07 9.075540598387533426e+07
1.505996561979807913e+07 2.721392485117512196e+07
3.373246540536587592e+06 2.850559141426768620e+06
3.304854996611027047e+07 7.742047832646475732e+07
3.011278963036314771e+07 4.629022654984338209e+06
2.441608530403655954e+06 7.415036313471032307e+06
1.453056668724113144e+07 2.950103570696263574e+06
3.106694630515424162e+07 5.401556023195920140e+07
1.081707195293185767e+06 1.099769528329516528e+06
9.713143921842765063e+06 7.032174589396718889e+06
4.256649134025424719e+06 1.475258279673227342e+06
1.698383135690034553e+07 5.826591024546047673e+06
4.788168790368832648e+06 6.095254812057938427e+06
1.716545343384444248e+06 4.308123211480210535e+06
1.835866296614906937e+07 8.296680389665430784e+07
1.518636636637649965e+06 2.376658335285424720e+06
1.447577680017348193e+07 8.067260697934678756e+06
4.027162976705656201e+07 8.143969339185061865e+06
6.141710046961423941e+06 1.562136037101420760e+07
6.049563972938345745e+06 1.304528187074276619e+06
5.000374730253993534e+06 1.141947576186088612e+06
3.695478160092720762e+06 1.770526298024618998e+07
9.319261526276336610e+07 1.339977993318874203e+07
2.839886355101305246e+07 5.978212248898942024e+07
3.536085804731278215e+06 3.792498898211337160e+06
2.345671560384246986e+06 3.049200221573770978e+06
1.010105259437895613e+06 3.568846550536530465e+07
7.672271156775139272e+07 3.104096607278664410e+07
2.327171567441027146e+06 1.115678947066414170e+07
3.960017721477323025e+07 3.590006491599314660e+07
1.419288393930618186e+06 2.200128660145214200e+07
5.995266768549018539e+06 1.198325793720142683e+06
5.441600942082463764e+06 1.658239477840511594e+06
1.876822141841382161e+07 2.197608911226730328e+06
4.778198749887820333e+06 5.747567958830492571e+06
9.515689613377833366e+07 2.254642875309390947e+06
1.116073261032506824e+06 1.007405440608349442e+07
1.059070946957141906e+07 3.259605561054428667e+07
2.700181991204071790e+07 3.127599248812594637e+07
3.030143878750252351e+07 3.175434282356209587e+06
2.024704337663321290e+06 1.129950526729645906e+06
1.757742705610881746e+07 6.126293752952511609e+07
4.243889816046628356e+07 8.315827073399719596e+07
9.555802597944483161e+06 5.507970283477033488e+06
1.141911371007574955e+06 4.394920423049131036e+07
7.095573394027544558e+07 2.149856459062696621e+07
2.796660059201425873e+06 4.530865532091344148e+07
4.318812910620429367e+07 1.037500982218211284e+06
4.171402481301776320e+07 2.418626456085786689e+06
1.501174411227192730e+06 4.889906930567368120e+07
3.067514138732679654e+06 1.299438514916915912e+06
4.442961151120120659e+06 1.028593293910600012e+06
1.514215180426224880e+07 3.194346611187856179e+06
8.502753384032458067e+07 1.126281351818945445e+07
4.810636045372584462e+07 2.689327412264409941e+06
4.214187291338752955e+06 1.800845930071603507e+06
7.456926465107492171e+06 1.475968877951673232e+06
1.324202650123978732e+06 9.147869724434766918e+06
7.581478520075432956e+07 1.471451547089910135e+06
9.300744859791098535e+07 3.693740015887248330e+06
6.648524016149090976e+07 4.856387334438064136e+06
1.521391432250011340e+07 5.129068909590590745e+06
8.712615599045591429e+06 1.379340584800330922e+06
2.818904655145948753e+06 8.417520628915367648e+06
3.772130778930081986e+06 5.510408423676256090e+07
1.164459959553639591e+07 5.194523570671726950e+06
1.287372595374002587e+06 2.378822695382536389e+06
1.649966948656118009e+06 6.001770528059727512e+06
1.703471799939382123e+06 4.339243212081005797e+06
1.601738761851697229e+06 2.086041273497563601e+07
1.499476057783636451e+07 1.586969324406828731e+07
1.906894581472127466e+06 1.916194963301583007e+07
7.886403402894573286e+06 3.546828668302579969e+07
5.975046336394092068e+06 6.353753356448325329e+06
2.754019404248842038e+06 2.242277214962983504e+06
2.653151207958996762e+06 2.616935611986211967e+06
5.626165959542576224e+07 9.294950647550934553e+07
3.120927342600670457e+07 3.055943509803346358e+06
8.012218105718959868e+07 3.190892260339107364e+06
4.525898448846241087e+07 3.892310872520913836e+06
1.962398555938321725e+07 4.311420825840310752e+07
3.534257489519540220e+07 1.359621947034528712e+06
2.958108361335347965e+07 1.350225317444259860e+07
1.292364288264847361e+07 3.279419508419785649e+06
3.168900470707541332e+07 6.435471799326980859e+07
1.440676930616948754e+06 5.318164246090097725e+07
5.268442029004148208e+06 3.750763496193876117e+07
8.713279053880443797e+06 1.910821248458904400e+07
5.896091858259487897e+06 1.223643194958426058e+06
1.390993108153927373e+06 2.795579600447622128e+06
1.265242271120826015e+06 9.191573771572312713e+07
1.807881263068212196e+07 3.221741377688518260e+06
8.507374315958766267e+06 2.218354474866577238e+07
7.299337466550515033e+06 2.240832878493862227e+07
5.904171889542584121e+07 9.737761935350358486e+06
6.309830039565825835e+06 2.311709078756836243e+06
3.407359503495163284e+06 9.547574658662058413e+06
1.325777756214814261e+06 1.865560148532064632e+07
1.072272657771448139e+06 9.831463659805290401e+07
2.566159205840825569e+06 3.256561010104424134e+07
2.709845679604631290e+07 6.578233123627322912e+07
7.072418263014994562e+07 6.249447844189580530e+07
8.713419764060901105e+07 3.240700839739679545e+07
5.084886812782125175e+07 2.190196663936483115e+07
8.711005961169025302e+07 1.680715713099738117e+06
7.996965698497748375e+07 1.610892251147625595e+07
3.569959474228536338e+07 7.966361204573558271e+07
3.448137624793597031e+06 2.799263300182376057e+07
2.298186643822706770e+06 3.069681655056215823e+07
4.516235624649848789e+07 5.611744692235337198e+07
2.659880404412379488e+06 1.543115156452063238e+06
3.198126007507163286e+07 1.486848897780809365e+07
8.528740723050590605e+06 9.400014260527249426e+06
1.277181460808846634e+06 1.361809586172495596e+07
2.891731296581461281e+07 6.243678570204503834e+07
2.199006236382320989e+06 5.596579623564142734e+06
4.347933666244128346e+07 7.601435740524537861e+07
6.127167226365562528e+07 2.107440715076403227e+06
4.329867186996694654e+06 3.188055288321306463e+06
3.094309267529825214e+06 6.801734522158552706e+07
3.800507502222914249e+06 8.446156673509091139e+06
1.468270836208547279e+07 1.011732516609436460e+07
1.945897633667312935e+07 1.382821913484480930e+06
7.050524460533800721e+07 3.013947681942451000e+07
4.147333210002143681e+07 5.702928275848643854e+06
7.345358895912905037e+07 2.591043207870955393e+07
4.390147370119044185e+07 9.472696357043342665e+06
4.153349616428961977e+06 7.291141709673194215e+06
2.106634099727970362e+07 1.963876644505992904e+07
5.213694813959929161e+06 2.102771823517547920e+07
3.179807125014181808e+07 5.164882098923284560e+06
8.331830144569803961e+06 1.245370957342232810e+06
1.684252825012759492e+07 1.382718949740472483e+06
4.828907510852912068e+07 4.559997684725332074e+06
1.590634058606089093e+07 4.350474583779415116e+06
1.210774180485191196e+07 4.732525355947501957e+06
2.529263653928011656e+06 6.796392381490767002e+07
1.006537290012530982e+07 9.567585607466590405e+07
5.754269931853637844e+07 9.705909099066233262e+06
1.077046685341736767e+06 5.517659484257747978e+07
2.155832314988689870e+07 4.331669400800027698e+07
8.548909905872082710e+07 1.305633566500929650e+06
1.302583737201601267e+07 1.289162955153631046e+07
1.303460473277922254e+06 3.777564895833580941e+07
1.149458369654085021e+06 1.469539706789292162e+06
7.012767634387420490e+06 5.001482327200704068e+07
1.087256702587931417e+07 1.095952307394551812e+06
9.236091338660575449e+07 7.378531723921108991e+06
1.698072866865978763e+07 1.165498227346971259e+07
2.883463487130225077e+07 6.270695276260656863e+07
8.518997951937194169e+07 1.417487197239755886e+06
2.820464056070828345e+06 3.071793212778948247e+07
1.261555325906672515e+07 1.930112363383375341e+06
8.480906882607419044e+06 4.838865850092215091e+07
1.094819543667384982e+07 8.424061503318462521e+06
7.334936653284108639e+07 1.281946673590001650e+06
1.029942283472365327e+07 1.709723996285479050e+06
1.730255923532141838e+06 7.332229712962397933e+07
3.740788217378154397e+06 2.930651967422113195e+07
3.660241311370132118e+07 1.942648177513279719e+06
1.967116702911370201e+06 5.775990553434970230e+07
2.295372550663317740e+07 5.981101650794471614e+06
3.649120070426894724e+07 5.639599345228753984e+06
1.788062922352046520e+07 4.765069767869515345e+06
5.960242506563610584e+07 3.087860664140713587e+07
4.176164477642507758e+06 4.487684357381593436e+06
4.522540461397407949e+07 9.565213416254405677e+07
3.045500592399341520e+06 7.369232336103214882e+06
6.424443399529139511e+06 7.545211974755950272e+07
8.382174955700710416e+07 1.600756639504853170e+06
2.144145659615315963e+06 1.039971364960634708e+07
5.962364452832140028e+07 1.050239145546707883e+07
4.454079946652973071e+06 5.916924646409510635e+06
2.280935434836462513e+07 1.536892037786155380e+07
2.245671273344514426e+06 2.082397204491768777e+07
2.111611802416231856e+07 2.264736485962240025e+06
1.847229340376745909e+07 4.377680876738314517e+06
1.445950304610955715e+07 1.861557948736204533e+06
1.766151451248738915e+07 9.141393133830638602e+06
7.408952614943535626e+07 9.328729864680626988e+07
9.731934981923766434e+07 4.238017851105193608e+06
3.102816520552461501e+06 3.463499105446241330e+06
1.731722528639407083e+07 2.996118994014286250e+07
2.086107681407162175e+07 3.038167388691700995e+06
1.452033846495041857e+06 8.383151202378406189e+06
1.339150531498979032e+07 3.782726778956024349e+07
9.000694522827656940e+06 3.621217992782086879e+07
1.728537799333925126e+06 4.540235268442138284e+07
2.378969223447899800e+06 7.532607300085344911e+07
5.334487712228604406e+07 2.386543646295647137e+06
3.841796566322255880e+06 1.299468578996230848e+07
2.128322730433113500e+07 8.894499016967119277e+07
1.938287382307217922e+06 5.933327586418302357e+07
5.345733205316858366e+06 1.035301460694876267e+06
5.651597420305805281e+06 1.238896467196790501e+06
1.118722642786116106e+06 3.497888096166064590e+07
1.889427643817170290e+06 6.299774764122374356e+06
1.509576459026557393e+06 1.260576699244209751e+07
2.983419202337196097e+06 1.132636721620500786e+06
3.748793449271618575e+07 5.029313754339901730e+06
2.602844039515459910e+07 3.108898362171102315e+06
4.325911163603831083e+07 4.495884307549738139e+07
3.683614054810554534e+07 4.274215380231043696e+07
2.053355925903592957e+06 2.526867602959039155e+06
3.719243156861958094e+06 6.293792301652863622e+06
4.855328671654679812e+06 3.388203945645113010e+06
1.568594913104444277e+06 2.219725007425745577e+07
1.658291512204740196e+07 1.254775492578292638e+07
1.270818233720302023e+07 7.022494166117766872e+06
1.022547171137998067e+07 1.036675725875570066e+07
3.059538465299410000e+07 5.442326098444425315e+07
2.657896825983623974e+06 1.492612833185382560e+07
2.569480832379901316e+06 2.193245759434919339e+06
4.724288439713541418e+06 7.598036370292794704e+07
4.461230885234948993e+07 2.550307163396241888e+07
3.543302448705695570e+07 6.315317300002714619e+06
3.042520579296331853e+07 2.885698552992249839e+06
5.621625052541982383e+07 4.599120486346230656e+07
4.109184432334784884e+06 9.803565352125345170e+07
1.372010785445205169e+06 8.189613664440594614e+07
3.242542941616089642e+07 1.238610021900841780e+07
4.105776638110259175e+07 8.638005611335967481e+07
6.657585957207808644e+07 4.473244146296893060e+07
3.390067330412914604e+07 3.364540230058880150e+07
3.734985020755853970e+06 5.114242125982006080e+06
2.222734029159786552e+07 2.177538160611197818e+06
1.362549026621857472e+07 9.890122004497528076e+07
6.525461310765291005e+07 6.902781315987282991e+07
2.925341412452068552e+07 6.677029773903010041e+07
7.362686202419844270e+07 1.407772938161796657e+06
7.655550462077365816e+07 2.807113606273991521e+06
2.110354562445397303e+07 2.334647402228008956e+07
6.639382645826130360e+07 5.292023565242862329e+06
1.511166401208302192e+07 9.148036820583280921e+07
3.542551883743236959e+07 3.997066900166868418e+07
7.384386687888985872e+07 4.291300660697800666e+07
2.076855095648238808e+07 1.838821616148343310e+06
2.207887337608741224e+07 2.104224557856185734e+07
7.668603499666488171e+07 1.488873478994438658e+06
4.545331602038472891e+06 1.443735898936751857e+07
1.326493825965887168e+06 3.320844779047280550e+07
7.788164796821677685e+07 1.951616218676159857e+06
1.953786714203316718e+06 1.735822127697895467e+07
1.435780734046220034e+07 4.197523787507262081e+06
1.228077146826579608e+07 1.131542646357456222e+06
1.377454492117832601e+07 1.557281163423251826e+06
1.102894353913974715e+06 4.939036060046180338e+07
1.405650306289572734e+06 1.725838256009844132e+06
9.508842664552766085e+07 1.124369077960076043e+06
6.732041462240331806e+06 2.947247857443979010e+07
3.364751685416063294e+06 5.238564400846730173e+07
3.792723160799080133e+07 9.024057408781547844e+07
2.609562613737159409e+06 2.228664818771292269e+07
2.660940337602041196e+06 1.734447512033626437e+06
6.811392329385558143e+06 2.802629864973075222e+06
1.253663132469695760e+06 6.790436859415191226e+06
4.271012539264004678e+07 8.379495239963208139e+07
1.318266030133040622e+06 5.901094279251712561e+07
2.677014358103262261e+06 2.714936093297810294e+06
4.388200436500854790e+06 8.871206970606783032e+07
2.294770995510423928e+07 4.070574376131529454e+06
2.752642967216811143e+06 1.122224806752245175e+06
5.673741492797701061e+07 4.172397622574074566e+07
1.624717487394530326e+06 3.813637215965640731e+06
1.036671339373324253e+07 9.773646832995839417e+06
2.937972847923595924e+06 9.505456316903777421e+06
1.073707031324107200e+06 7.464881171256938949e+06
2.148364307294956222e+07 1.568683223919871263e+06
2.781115094570188317e+06 3.052182496280089021e+07
1.960253467357459944e+06 5.764790442566253245e+07
1.493892313576613180e+07 8.942808220417450368e+07
3.955992489066638518e+06 2.242283424901419785e+06
1.516709287255891971e+07 7.025114653528968804e+06
7.491050200932393968e+07 8.485617387618599832e+07
1.577871133967328630e+07 1.045928287446013186e+06
1.661463539066262543e+06 5.095698483098019660e+07
3.432957797125529498e+06 1.629724154322180664e+06
6.641639366694284230e+07 4.454583216335125268e+07
5.024463214061052538e+06 7.449918512287861109e+07
2.789501108461027965e+07 1.038743744963065954e+06
9.659679151865428314e+06 5.736220284410931915e+07
1.439825891149816569e+06 3.568349821527168155e+06
7.583315908741216175e+06 8.995378996413616464e+06
1.011553853573702648e+07 2.430118607622035593e+07
1.915846117246036651e+06 4.423570027436052263e+07
1.643102042512479052e+07 8.821595489197045565e+07
8.642232069803994149e+06 2.745012695549899712e+06
6.379583664323263802e+06 4.463592208541633189e+07
