logz logzerr logvol nlive logl logwt insert_order
-inf nan 0.000000000000000000e+00 4.000000000000000000e+02 7.624459095797811518e-10 -5.991464546345535602e+00 nan
-5.991464546345535602e+00 nan -2.503130218118530294e-03 3.990000000000000000e+02 7.624945625645966300e-10 -5.991464546345487641e+00 nan
-5.298317365785566224e+00 nan -5.012541823544281946e-03 3.980000000000000000e+02 7.624985926913949004e-10 -5.991464546345483200e+00 nan
-4.892852257677392736e+00 nan -7.528266420791573932e-03 3.970000000000000000e+02 7.626982116039080167e-10 -5.991464546345284248e+00 nan
-4.605170185225556878e+00 4.804203695151123554e-01 -1.005033585350144018e-02 3.960000000000000000e+02 7.627183038111572323e-10 -5.991464546345263820e+00 nan
-4.382026633911310753e+00 5.067612153487729421e-01 -1.257878220686011773e-02 3.950000000000000000e+02 7.627473143476493967e-10 -5.991464546345234510e+00 nan
-4.199705077117326546e+00 5.118026999683848999e-01 -1.511363781004817011e-02 3.940000000000000000e+02 7.627590384326629571e-10 -5.991464546345222963e+00 nan
-4.045554397290045401e+00 3.895220862891055069e-01 -1.765493523872075157e-02 3.930000000000000000e+02 7.627750476874803200e-10 -5.991464546345206976e+00 nan
-3.912023004665504011e+00 3.192096422242224341e-01 -2.020270731751944854e-02 3.920000000000000000e+02 7.628099729911539021e-10 -5.991464546345171449e+00 nan
-3.794239969009101987e+00 3.673076663235731454e-01 -2.275698712261621515e-02 3.910000000000000000e+02 7.628560421009561716e-10 -5.991464546345125264e+00 nan
-3.688879453351256110e+00 2.740833328196101704e-01 -2.531780798428987650e-02 3.900000000000000000e+02 7.628704080696919839e-10 -5.991464546345111053e+00 nan
-3.593569273546914022e+00 2.597101151384362261e-01 -2.788520348953569400e-02 3.890000000000000000e+02 7.628981010428844351e-10 -5.991464546345083519e+00 nan
-3.506557896557267462e+00 2.645611736625046451e-01 -3.045920748470854617e-02 3.880000000000000000e+02 7.629105283076743782e-10 -5.991464546345071973e+00 nan
-3.426515188883715979e+00 2.877144621057978746e-01 -3.303985407820018289e-02 3.870000000000000000e+02 7.629373673025305456e-10 -5.991464546345044440e+00 nan
-3.352407216729979211e+00 2.405084021447315978e-01 -3.562717764315112556e-02 3.860000000000000000e+02 7.629635722747573350e-10 -5.991464546345017794e+00 nan
-3.283414345243012900e+00 2.099601013186689902e-01 -3.822121282019776134e-02 3.850000000000000000e+02 7.630347577993759446e-10 -5.991464546344947628e+00 nan
-3.218875824105424499e+00 1.943819893194261850e-01 -4.082199452025513098e-02 3.840000000000000000e+02 7.630524805587782377e-10 -5.991464546344928976e+00 nan
-3.158251202288973492e+00 1.896572877230169596e-01 -4.342955792733600023e-02 3.830000000000000000e+02 7.630769635046529151e-10 -5.991464546344904996e+00 nan
-3.101092788449009152e+00 1.957503743540390251e-01 -4.604393850140681144e-02 3.820000000000000000e+02 7.630835548461375110e-10 -5.991464546344897890e+00 nan
-3.047025567178718752e+00 1.769239721526967568e-01 -4.866517198128102878e-02 3.810000000000000000e+02 7.630840956225024813e-10 -5.991464546344898778e+00 nan
-2.995732272791155282e+00 1.904108143480236215e-01 -5.129329438755053650e-02 3.800000000000000000e+02 7.632102751195244747e-10 -5.991464546344771769e+00 nan
-2.946942108621705358e+00 1.731296915068488707e-01 -5.392834202555564505e-02 3.790000000000000000e+02 7.632111765480181166e-10 -5.991464546344770881e+00 nan
-2.900422092986796319e+00 1.835547522684658761e-01 -5.657035148839430205e-02 3.780000000000000000e+02 7.632192081424850502e-10 -5.991464546344763775e+00 nan
-2.855970330415947167e+00 2.094665795475506298e-01 -5.921935965997122964e-02 3.770000000000000000e+02 7.632949758736608130e-10 -5.991464546344686504e+00 nan
-2.813410715997134215e+00 2.140720610557744763e-01 -6.187540371808748080e-02 3.760000000000000000e+02 7.633973714253886769e-10 -5.991464546344584363e+00 nan
-2.772588721476859419e+00 2.160250407689753571e-01 -6.453852113757117814e-02 3.750000000000000000e+02 7.634549793052407057e-10 -5.991464546344526632e+00 nan
-2.733368008323557419e+00 1.997974181653305592e-01 -6.720874969345005945e-02 3.740000000000000000e+02 7.635103941807860516e-10 -5.991464546344472453e+00 nan
-2.695627680340689558e+00 1.888772771404237938e-01 -6.988612746416644761e-02 3.730000000000000000e+02 7.635245951368154279e-10 -5.991464546344458242e+00 nan
-2.659260036169794894e+00 1.915905293573708923e-01 -7.257069283483542910e-02 3.720000000000000000e+02 7.636540323284171685e-10 -5.991464546344327680e+00 nan
-2.624168716358501463e+00 1.938190759872230329e-01 -7.526248450054684458e-02 3.710000000000000000e+02 7.637034317756304905e-10 -5.991464546344277942e+00 nan
-2.590267164682797052e+00 1.991063967049007399e-01 -7.796154146971186194e-02 3.700000000000000000e+02 7.637441130704322902e-10 -5.991464546344237974e+00 nan
-2.557477341859783149e+00 1.883673172294481890e-01 -8.066790306745480477e-02 3.690000000000000000e+02 7.637819001237657710e-10 -5.991464546344199782e+00 nan
-2.525728643545180230e+00 1.779532007527404314e-01 -8.338160893905106896e-02 3.680000000000000000e+02 7.639125937619791276e-10 -5.991464546344070108e+00 nan
-2.494956984878401229e+00 1.856916520070512888e-01 -8.610269905341172425e-02 3.670000000000000000e+02 7.639204100254150737e-10 -5.991464546344062114e+00 nan
-2.465104021728695916e+00 1.854825060611866028e-01 -8.883121370661574423e-02 3.660000000000000000e+02 7.639780625259274440e-10 -5.991464546344003494e+00 nan
-2.436116484855419095e+00 1.813898657348332888e-01 -9.156719352549048951e-02 3.650000000000000000e+02 7.640362471260893031e-10 -5.991464546343945763e+00 nan
-2.407945607888698270e+00 1.794543835403291376e-01 -9.431067947124133211e-02 3.640000000000000000e+02 7.640609404445902398e-10 -5.991464546343920894e+00 nan
-2.380546633700559855e+00 1.744795816081447237e-01 -9.706171284313121206e-02 3.630000000000000000e+02 7.640838657945013574e-10 -5.991464546343897801e+00 nan
-2.353878386618375007e+00 1.664373143245681252e-01 -9.982033528221093133e-02 3.620000000000000000e+02 7.641327849796919152e-10 -5.991464546343849840e+00 nan
-2.327902900215090831e+00 1.684460915183380869e-01 -1.025865887751010730e-01 3.610000000000000000e+02 7.641486169769929169e-10 -5.991464546343832964e+00 nan
-2.302585092230778230e+00 1.532833063973949861e-01 -1.053605156578263091e-01 3.600000000000000000e+02 7.641810819601029939e-10 -5.991464546343800990e+00 nan
-2.277892479640384327e+00 1.462241877540974011e-01 -1.081421586197031243e-01 3.590000000000000000e+02 7.642229964703264398e-10 -5.991464546343758357e+00 nan
-2.253794928061301661e+00 1.494855861423254328e-01 -1.109315607072816900e-01 3.580000000000000000e+02 7.642246571924160838e-10 -5.991464546343757469e+00 nan
-2.230264430651086371e+00 1.491840078171307593e-01 -1.137287653283429179e-01 3.570000000000000000e+02 7.642509854562559372e-10 -5.991464546343730824e+00 nan
-2.207274912426366864e+00 1.444145145228043492e-01 -1.165338162559515361e-01 3.560000000000000000e+02 7.642847062087786147e-10 -5.991464546343697073e+00 nan
-2.184802056574287388e+00 1.365609562989531789e-01 -1.193467576325661916e-01 3.550000000000000000e+02 7.643761848544087314e-10 -5.991464546343606479e+00 nan
-2.162823149855490179e+00 1.280901692720979590e-01 -1.221676339742075318e-01 3.540000000000000000e+02 7.643843703243868682e-10 -5.991464546343597597e+00 nan
-2.141316944634505504e+00 1.277118440697478652e-01 -1.249964901746852125e-01 3.530000000000000000e+02 7.643921301586032599e-10 -5.991464546343589603e+00 nan
-2.120263535436652802e+00 1.212443567850775838e-01 -1.278333715098848855e-01 3.520000000000000000e+02 7.645085608478353908e-10 -5.991464546343473252e+00 nan
-2.099644248233895283e+00 1.189602458285449055e-01 -1.306783236421161787e-01 3.510000000000000000e+02 7.645520239564967017e-10 -5.991464546343429731e+00 nan
-2.079441540916354025e+00 1.243213532613073879e-01 -1.335313926245226268e-01 3.500000000000000000e+02 7.645611641591347324e-10 -5.991464546343420849e+00 nan
-2.059638913620152945e+00 1.170596667397431206e-01 -1.363926249055548157e-01 3.490000000000000000e+02 7.645885160719528122e-10 -5.991464546343393316e+00 nan
-2.040220827763030709e+00 1.205888474940688126e-01 -1.392620673335076553e-01 3.480000000000000000e+02 7.646081219411451672e-10 -5.991464546343374664e+00 nan
-2.021172632792315849e+00 1.172412174776240740e-01 -1.421397671611228097e-01 3.470000000000000000e+02 7.646466107073824599e-10 -5.991464546343334696e+00 nan
-2.002480499780142864e+00 1.252572556767592438e-01 -1.450257720502577397e-01 3.460000000000000000e+02 7.646856150811087620e-10 -5.991464546343297393e+00 nan
-1.984131361111926006e+00 1.319967286008036089e-01 -1.479201300766222471e-01 3.450000000000000000e+02 7.647108598872139692e-10 -5.991464546343271635e+00 nan
-1.966112855609227550e+00 1.291261626019227782e-01 -1.508228897345836594e-01 3.440000000000000000e+02 7.647536203603548924e-10 -5.991464546343228115e+00 nan
-1.948413278509806501e+00 1.237083751684274202e-01 -1.537340999420420962e-01 3.430000000000000000e+02 7.648045361080296517e-10 -5.991464546343177489e+00 nan
-1.931021535797917021e+00 1.186082641378820579e-01 -1.566538100453768456e-01 3.420000000000000000e+02 7.648250665447522182e-10 -5.991464546343157060e+00 nan
-1.913927102438596872e+00 1.213232227548363129e-01 -1.595820698244652114e-01 3.410000000000000000e+02 7.648297849100207492e-10 -5.991464546343152620e+00 nan
-1.897119984122196179e+00 1.145656018817929889e-01 -1.625189294977749388e-01 3.400000000000000000e+02 7.649686779827819467e-10 -5.991464546343014064e+00 nan
-1.880590682170964589e+00 1.188869394909127797e-01 -1.654644397275317480e-01 3.390000000000000000e+02 7.649815721149746225e-10 -5.991464546342999853e+00 nan
-1.864330161299163624e+00 1.238931131655461870e-01 -1.684186516249632226e-01 3.380000000000000000e+02 7.650016343023628912e-10 -5.991464546342980313e+00 nan
-1.848329819952702291e+00 1.224737071281570416e-01 -1.713816167556202752e-01 3.370000000000000000e+02 7.650138250063441726e-10 -5.991464546342967878e+00 nan
-1.832581462984543386e+00 1.210351984633853822e-01 -1.743533871447777717e-01 3.360000000000000000e+02 7.651235753580870485e-10 -5.991464546342857744e+00 nan
-1.817077276448557210e+00 1.217813174445358804e-01 -1.773340152829155636e-01 3.350000000000000000e+02 7.651311398460086813e-10 -5.991464546342850639e+00 nan
-1.801809804317748398e+00 1.117993329898495231e-01 -1.803235541312815937e-01 3.340000000000000000e+02 7.651698818509741349e-10 -5.991464546342812447e+00 nan
-1.786771926953187650e+00 1.160298205328937904e-01 -1.833220571275381849e-01 3.330000000000000000e+02 7.652354750290866081e-10 -5.991464546342745834e+00 nan
-1.771956841168026209e+00 1.186999063177184011e-01 -1.863295781914934834e-01 3.320000000000000000e+02 7.652386911006575788e-10 -5.991464546342743169e+00 nan
-1.757358041746853283e+00 1.141933987223013591e-01 -1.893461717309191383e-01 3.310000000000000000e+02 7.653610042209803881e-10 -5.991464546342620601e+00 nan
-1.742969304294732291e+00 1.170871953908783347e-01 -1.923718926474561330e-01 3.300000000000000000e+02 7.653684162838639125e-10 -5.991464546342613495e+00 nan
-1.728784669302755095e+00 1.195289075682158669e-01 -1.954067963426101562e-01 3.290000000000000000e+02 7.654384065703514426e-10 -5.991464546342543329e+00 nan
-1.714798427327993924e+00 1.155702794446067522e-01 -1.984509387238383160e-01 3.280000000000000000e+02 7.655344762749235746e-10 -5.991464546342448294e+00 nan
-1.701005105195636080e+00 1.126970722110723910e-01 -2.015043762107286696e-01 3.270000000000000000e+02 7.655376644610636710e-10 -5.991464546342443853e+00 nan
-1.687399453139835970e+00 1.105230856719784521e-01 -2.045671657412744260e-01 3.260000000000000000e+02 7.655693326584396721e-10 -5.991464546342413655e+00 nan
-1.673976432807674053e+00 1.108751933180197463e-01 -2.076393647782445728e-01 3.250000000000000000e+02 7.656216995196904564e-10 -5.991464546342360364e+00 nan
-1.660731206057632026e+00 1.073419237571710261e-01 -2.107210313156526738e-01 3.240000000000000000e+02 7.656312623877506202e-10 -5.991464546342350594e+00 nan
-1.647659124490258309e+00 1.113668130982430199e-01 -2.138122238853255308e-01 3.230000000000000000e+02 7.656339817335623408e-10 -5.991464546342347930e+00 nan
-1.634755719654330086e+00 1.121653101720811729e-01 -2.169130015635737652e-01 3.220000000000000000e+02 7.656355906986310123e-10 -5.991464546342347042e+00 nan
-1.622016693876880300e+00 1.088209948497267654e-01 -2.200234239779662038e-01 3.210000000000000000e+02 7.656698146197683439e-10 -5.991464546342311515e+00 nan
-1.609437911670000387e+00 1.056214065243045591e-01 -2.231435513142098481e-01 3.200000000000000000e+02 7.656715492066355459e-10 -5.991464546342309738e+00 nan
-1.597015391671423812e+00 1.099108194214027806e-01 -2.262734443231375070e-01 3.190000000000000000e+02 7.657213072523699404e-10 -5.991464546342260000e+00 nan
-1.584745299079589831e+00 1.147715458393634147e-01 -2.294131643278052302e-01 3.180000000000000000e+02 7.657255369265163284e-10 -5.991464546342257336e+00 nan
-1.572623938547225819e+00 1.112056408955804515e-01 -2.325627732307014583e-01 3.170000000000000000e+02 7.657822264709416816e-10 -5.991464546342199604e+00 nan
-1.560647747500490734e+00 1.079549418658911075e-01 -2.357223335210699711e-01 3.160000000000000000e+02 7.657838425221672215e-10 -5.991464546342198716e+00 nan
-1.548813289853469000e+00 1.066724296994257803e-01 -2.388919082823490192e-01 3.150000000000000000e+02 7.658083942688198503e-10 -5.991464546342172959e+00 nan
-1.537117250090259013e+00 1.011423332271855352e-01 -2.420715611997287242e-01 3.140000000000000000e+02 7.658355644409842148e-10 -5.991464546342146313e+00 nan
-1.525556427689164440e+00 9.541596178108396886e-02 -2.452613565678288809e-01 3.130000000000000000e+02 7.659310005691844987e-10 -5.991464546342050390e+00 nan
-1.514127731865522408e+00 8.975549420684388047e-02 -2.484613592984997454e-01 3.120000000000000000e+02 7.659379717361343339e-10 -5.991464546342045061e+00 nan
-1.502828176611570088e+00 8.626892185133068491e-02 -2.516716349287479448e-01 3.110000000000000000e+02 7.659447529776296668e-10 -5.991464546342037067e+00 nan
-1.491654876013426279e+00 8.246025310158315580e-02 -2.548922496287901462e-01 3.100000000000000000e+02 7.659457719771900722e-10 -5.991464546342037067e+00 nan
-1.480605039826823122e+00 8.177319022006458715e-02 -2.581232702102366217e-01 3.090000000000000000e+02 7.659633314956808485e-10 -5.991464546342019304e+00 nan
-1.469675969294614859e+00 8.265491325102947151e-02 -2.613647641344076233e-01 3.080000000000000000e+02 7.660234678039535097e-10 -5.991464546341958020e+00 nan
-1.458865053190381067e+00 8.023814100832037111e-02 -2.646167995207849288e-01 3.070000000000000000e+02 7.660235662194043956e-10 -5.991464546341958020e+00 nan
-1.448169764073615307e+00 7.654284402848227087e-02 -2.678794451556013034e-01 3.060000000000000000e+02 7.660257720099100944e-10 -5.991464546341956243e+00 nan
-1.437587654743060828e+00 7.699635818575573110e-02 -2.711527705005704614e-01 3.050000000000000000e+02 7.660544132874563151e-10 -5.991464546341927822e+00 nan
-1.427116354875747950e+00 7.671695296314960666e-02 -2.744368457017604124e-01 3.040000000000000000e+02 7.661084059891467978e-10 -5.991464546341874531e+00 nan
-1.416753567840183692e+00 7.967260849926487143e-02 -2.777317415986129689e-01 3.030000000000000000e+02 7.661125162803175861e-10 -5.991464546341869202e+00 nan
-1.406497067672977330e+00 8.304966204285736675e-02 -2.810375297331124678e-01 3.020000000000000000e+02 7.661178498017433924e-10 -5.991464546341864761e+00 nan
-1.396344696208942304e+00 8.158142986649215278e-02 -2.843542823591063695e-01 3.010000000000000000e+02 7.661273487158840967e-10 -5.991464546341854103e+00 nan
-1.386294360355424082e+00 7.947640778265575856e-02 -2.876820724517810124e-01 3.000000000000000000e+02 7.661474983521952312e-10 -5.991464546341834563e+00 nan
-1.376344029502239330e+00 7.590246200047887082e-02 -2.910209737172956279e-01 2.990000000000000000e+02 7.661708090775849895e-10 -5.991464546341811470e+00 nan
-1.366491733059211233e+00 7.529931409667633968e-02 -2.943710606025776166e-01 2.980000000000000000e+02 7.661888470616904380e-10 -5.991464546341793707e+00 nan
-1.356735558113830065e+00 7.394470591185663133e-02 -2.977324083052824699e-01 2.970000000000000000e+02 7.661938789024789109e-10 -5.991464546341788378e+00 nan
-1.347073647202077007e+00 7.664235567682047001e-02 -3.011050927839217239e-01 2.960000000000000000e+02 7.662178296745762055e-10 -5.991464546341763509e+00 nan
-1.337504196185910210e+00 7.710068017563506682e-02 -3.044891907681622767e-01 2.950000000000000000e+02 7.663009402365210057e-10 -5.991464546341681796e+00 nan
-1.328025452231349934e+00 7.789671200510321636e-02 -3.078847797693005095e-01 2.940000000000000000e+02 7.663135287836106661e-10 -5.991464546341668473e+00 nan
-1.318635711881494643e+00 7.599071411415284083e-02 -3.112919380909148215e-01 2.930000000000000000e+02 7.663350124851752949e-10 -5.991464546341647157e+00 nan
-1.309333319219164959e+00 7.252588494302289468e-02 -3.147107448397004070e-01 2.920000000000000000e+02 7.663374892795495183e-10 -5.991464546341645381e+00 nan
-1.300116664114224996e+00 7.214034036318638099e-02 -3.181412799364896626e-01 2.910000000000000000e+02 7.663563596125783241e-10 -5.991464546341625841e+00 nan
-1.290984180550936555e+00 7.220611284124683893e-02 -3.215836241274624419e-01 2.900000000000000000e+02 7.663846667946922017e-10 -5.991464546341597419e+00 nan
-1.281934345031002787e+00 7.194820958987614701e-02 -3.250378589955499886e-01 2.890000000000000000e+02 7.664150628352006786e-10 -5.991464546341567221e+00 nan
-1.272965675048226553e+00 7.014578890040876202e-02 -3.285040669720362128e-01 2.880000000000000000e+02 7.664384808177181251e-10 -5.991464546341544128e+00 nan
-1.264076727630964792e+00 6.996033477125276900e-02 -3.319823313483610261e-01 2.870000000000000000e+02 7.664479558400750811e-10 -5.991464546341534358e+00 nan
-1.255266097948794402e+00 7.232998570156132234e-02 -3.354727362881295694e-01 2.860000000000000000e+02 7.664616727125746784e-10 -5.991464546341520148e+00 nan
-1.246532417980024343e+00 6.821528924431169427e-02 -3.389753668393316599e-01 2.850000000000000000e+02 7.664706937319138562e-10 -5.991464546341512154e+00 nan
-1.237874355236894486e+00 6.754644730434920807e-02 -3.424903089467761230e-01 2.840000000000000000e+02 7.664855142914461701e-10 -5.991464546341497055e+00 nan
-1.229290611545488021e+00 6.644793173042050360e-02 -3.460176494647445589e-01 2.830000000000000000e+02 7.664917064777075541e-10 -5.991464546341490838e+00 nan
-1.220779921877564567e+00 6.398132649790005955e-02 -3.495574761698685973e-01 2.820000000000000000e+02 7.665159755434203515e-10 -5.991464546341466857e+00 nan
-1.212341053231685173e+00 6.289449884220109366e-02 -3.531098777742364137e-01 2.810000000000000000e+02 7.665419205508782934e-10 -5.991464546341440212e+00 nan
-1.203972803561153881e+00 5.997040505523113657e-02 -3.566749439387325582e-01 2.800000000000000000e+02 7.665534837210523377e-10 -5.991464546341428665e+00 nan
-1.195674000746444143e+00 5.918219404310263998e-02 -3.602527652866165386e-01 2.790000000000000000e+02 7.665626388830136218e-10 -5.991464546341418895e+00 nan
-1.187443501609914298e+00 5.812476791933772480e-02 -3.638434334173450968e-01 2.780000000000000000e+02 7.665732181777018202e-10 -5.991464546341408237e+00 nan
-1.179280190970739106e+00 5.729939261547704193e-02 -3.674470409206436750e-01 2.770000000000000000e+02 7.665993933617771857e-10 -5.991464546341383368e+00 nan
-1.171182980738105339e+00 5.592760001750932825e-02 -3.710636813908321785e-01 2.760000000000000000e+02 7.666431180736867016e-10 -5.991464546341338959e+00 nan
-1.163150809040826683e+00 5.372616578086043121e-02 -3.746934494414108641e-01 2.750000000000000000e+02 7.666492827801564506e-10 -5.991464546341333630e+00 nan
-1.155182639391635568e+00 5.463252020501464107e-02 -3.783364407199119595e-01 2.740000000000000000e+02 7.666494177447800882e-10 -5.991464546341332742e+00 nan
-1.147277459884508355e+00 5.196067439985896375e-02 -3.819927519230224555e-01 2.730000000000000000e+02 7.666621299933393289e-10 -5.991464546341320307e+00 nan
-1.139434282423468670e+00 4.930837881713887039e-02 -3.856624808119848424e-01 2.720000000000000000e+02 7.667542869421641663e-10 -5.991464546341227937e+00 nan
-1.131652141981399406e+00 4.721536707938869121e-02 -3.893457262282812859e-01 2.710000000000000000e+02 7.667608963852361549e-10 -5.991464546341221720e+00 nan
-1.123930095887474945e+00 4.675505429673716684e-02 -3.930425881096074048e-01 2.700000000000000000e+02 7.667899051083733645e-10 -5.991464546341192410e+00 nan
-1.116267223141891529e+00 4.867039228225320674e-02 -3.967531675061430341e-01 2.690000000000000000e+02 7.668198777153509585e-10 -5.991464546341162212e+00 nan
-1.108662623756657917e+00 4.677964462343756069e-02 -4.004775665971254672e-01 2.680000000000000000e+02 7.668440203667606446e-10 -5.991464546341137343e+00 nan
-1.101115418121260792e+00 4.962624418916213725e-02 -4.042158887077326179e-01 2.670000000000000000e+02 7.668503034521706504e-10 -5.991464546341132014e+00 nan
-1.093624746392089175e+00 4.771068845136148401e-02 -4.079682383262830947e-01 2.660000000000000000e+02 7.668861942295187231e-10 -5.991464546341096487e+00 nan
-1.086189767904556902e+00 4.933339400177971096e-02 -4.117347211217599612e-01 2.650000000000000000e+02 7.669221309722976134e-10 -5.991464546341059183e+00 nan
-1.078809660606920184e+00 5.206835225528524957e-02 -4.155154439616660089e-01 2.640000000000000000e+02 7.669469838713527246e-10 -5.991464546341034314e+00 nan
-1.071483620514833035e+00 5.234374215725157847e-02 -4.193105149302176482e-01 2.630000000000000000e+02 7.669572601343405440e-10 -5.991464546341025432e+00 nan
-1.064210861185739265e+00 5.307200556766475397e-02 -4.231200433468853550e-01 2.620000000000000000e+02 7.669744672934028396e-10 -5.991464546341007669e+00 nan
-1.056990613212238195e+00 5.186107159995861221e-02 -4.269441397852887787e-01 2.610000000000000000e+02 7.669855096740884721e-10 -5.991464546340997011e+00 nan
-1.049822123733611834e+00 5.194641519873904184e-02 -4.307829160924544487e-01 2.600000000000000000e+02 7.669972165779808561e-10 -5.991464546340984576e+00 nan
-1.042704655964734162e+00 5.203985707344822853e-02 -4.346364854084444063e-01 2.590000000000000000e+02 7.670066159570533845e-10 -5.991464546340974806e+00 nan
-1.035637488741628198e+00 5.306872160216154904e-02 -4.385049621863647551e-01 2.580000000000000000e+02 7.670126413279132541e-10 -5.991464546340969477e+00 nan
-1.028619916082968322e+00 5.248012008144231633e-02 -4.423884622127624011e-01 2.570000000000000000e+02 7.670655785022090479e-10 -5.991464546340917074e+00 nan
-1.021651246766861476e+00 4.979115308891081393e-02 -4.462871026284197518e-01 2.560000000000000000e+02 7.670700893224396170e-10 -5.991464546340911745e+00 nan
-1.014730803922274216e+00 5.120675242831951302e-02 -4.502010019495560900e-01 2.550000000000000000e+02 7.670840622660751370e-10 -5.991464546340897535e+00 nan
-1.007857924634498747e+00 5.200162026310055363e-02 -4.541302800894456704e-01 2.540000000000000000e+02 7.670928082745418686e-10 -5.991464546340889541e+00 nan
-1.001031959564085749e+00 5.285295160197431286e-02 -4.580750583804620302e-01 2.530000000000000000e+02 7.670974162395989395e-10 -5.991464546340885100e+00 nan
-9.942522725786938631e-01 5.142849123365520608e-02 -4.620354595965589506e-01 2.520000000000000000e+02 7.671359868726990655e-10 -5.991464546340846908e+00 nan
-9.875182403973365997e-01 5.097065591438796478e-02 -4.660116079761983943e-01 2.510000000000000000e+02 7.671566817736629644e-10 -5.991464546340824704e+00 nan
-9.808292522465268393e-01 4.984413198522499866e-02 -4.700036292457358544e-01 2.500000000000000000e+02 7.671745880203537460e-10 -5.991464546340806940e+00 nan
-9.741847095278451940e-01 5.330381222978794464e-02 -4.740116506432746624e-01 2.490000000000000000e+02 7.671779041885317927e-10 -5.991464546340803388e+00 nan
-9.675840254964801490e-01 5.300762939951147307e-02 -4.780358009430000776e-01 2.480000000000000000e+02 7.671859551635638899e-10 -5.991464546340796282e+00 nan
-9.610266249503082170e-01 5.545022142652871605e-02 -4.820762104800050407e-01 2.470000000000000000e+02 7.671881533300454546e-10 -5.991464546340794506e+00 nan
-9.545119439291018804e-01 5.279405994336772157e-02 -4.861330111756194117e-01 2.460000000000000000e+02 7.671985425136832924e-10 -5.991464546340782960e+00 nan
-9.480394294234718577e-01 5.337464265514664519e-02 -4.902063365632552405e-01 2.450000000000000000e+02 7.672051847602615893e-10 -5.991464546340777630e+00 nan
-9.416085390931689947e-01 5.160699366174758412e-02 -4.942963218147803373e-01 2.440000000000000000e+02 7.672540973162542510e-10 -5.991464546340728781e+00 nan
-9.352187409943854002e-01 5.141116896581849477e-02 -4.984031037674337417e-01 2.430000000000000000e+02 7.672549162182586689e-10 -5.991464546340727004e+00 nan
-9.288695133157142125e-01 4.999050753671731989e-02 -5.025268209512957496e-01 2.420000000000000000e+02 7.672643252233020891e-10 -5.991464546340718123e+00 nan
-9.225603441224371482e-01 5.063638761485458883e-02 -5.066676136173271505e-01 2.410000000000000000e+02 7.672699887228138355e-10 -5.991464546340711905e+00 nan
-9.162907311088295259e-01 4.864038875088503439e-02 -5.108256237659908328e-01 2.400000000000000000e+02 7.672776910533464841e-10 -5.991464546340703912e+00 nan
-9.100601813581813415e-01 4.920356192899556780e-02 -5.150009951764714655e-01 2.390000000000000000e+02 7.673053580540968172e-10 -5.991464546340677266e+00 nan
-9.038682111102480654e-01 5.023563838405186582e-02 -5.191938734365074692e-01 2.380000000000000000e+02 7.673081375286014614e-10 -5.991464546340674602e+00 nan
-8.977143455358578272e-01 5.034187012312239112e-02 -5.234044059728509835e-01 2.370000000000000000e+02 7.673197767384566703e-10 -5.991464546340663055e+00 nan
-8.915981185184097546e-01 5.185541782014686796e-02 -5.276327420823720971e-01 2.360000000000000000e+02 7.673291829763384742e-10 -5.991464546340653285e+00 nan
-8.855190724420157755e-01 5.182935825076116776e-02 -5.318790329638232173e-01 2.350000000000000000e+02 7.673386826186208360e-10 -5.991464546340643516e+00 nan
-8.794767579860414131e-01 5.290021139268304834e-02 -5.361434317502807856e-01 2.340000000000000000e+02 7.673520039386096907e-10 -5.991464546340630193e+00 nan
-8.734707339258178660e-01 5.442566955941088858e-02 -5.404260935422816603e-01 2.330000000000000000e+02 7.673591807109810640e-10 -5.991464546340622199e+00 nan
-8.675005669393024421e-01 5.351059998792139644e-02 -5.447271754416722622e-01 2.320000000000000000e+02 7.673614367669411347e-10 -5.991464546340621311e+00 nan
-8.615658314194764023e-01 5.307315052324861060e-02 -5.490468365861886912e-01 2.310000000000000000e+02 7.673693575504666925e-10 -5.991464546340612429e+00 nan
-8.556661092922767109e-01 5.214965914506430877e-02 -5.533852381847869095e-01 2.300000000000000000e+02 7.673968185091125734e-10 -5.991464546340585784e+00 nan
-8.498009898398671824e-01 5.267455491170516119e-02 -5.577425435537426424e-01 2.290000000000000000e+02 7.674007951984172427e-10 -5.991464546340582231e+00 nan
-8.439700695290627275e-01 5.272805523333648492e-02 -5.621189181535415358e-01 2.280000000000000000e+02 7.674008851600833023e-10 -5.991464546340581343e+00 nan
-8.381729518447256222e-01 5.154775847796028154e-02 -5.665145296265796659e-01 2.270000000000000000e+02 7.674073219417557133e-10 -5.991464546340575126e+00 nan
-8.324092471279644911e-01 5.221728064090387644e-02 -5.709295478356964937e-01 2.260000000000000000e+02 7.674110741734240270e-10 -5.991464546340571573e+00 nan
-8.266785724189684714e-01 5.195753128731957909e-02 -5.753641449035622468e-01 2.250000000000000000e+02 7.674183665926494971e-10 -5.991464546340564468e+00 nan
-8.209805513043197944e-01 5.242163229298856669e-02 -5.798184952529424896e-01 2.240000000000000000e+02 7.674187787522571551e-10 -5.991464546340562691e+00 nan
-8.153148137686316854e-01 5.201449919352411910e-02 -5.842927756478635271e-01 2.230000000000000000e+02 7.674716029590585550e-10 -5.991464546340511177e+00 nan
-8.096809960503646986e-01 5.231690493191958752e-02 -5.887871652357028474e-01 2.220000000000000000e+02 7.675059582581014190e-10 -5.991464546340476538e+00 nan
-8.040787405016838196e-01 5.186170766570078611e-02 -5.933018455902294708e-01 2.210000000000000000e+02 7.675060641858481196e-10 -5.991464546340475650e+00 nan
-7.985076954522175585e-01 5.027598870998664649e-02 -5.978370007556207399e-01 2.200000000000000000e+02 7.675071831548187974e-10 -5.991464546340475650e+00 nan
-7.929675150765913560e-01 4.754812762446394142e-02 -6.023928172914814194e-01 2.190000000000000000e+02 7.675293586809308303e-10 -5.991464546340453445e+00 nan
-7.874578592656109599e-01 4.653579271420226621e-02 -6.069694843188931932e-01 2.180000000000000000e+02 7.675328035644796634e-10 -5.991464546340449004e+00 nan
-7.819783935009746445e-01 4.595600579840759120e-02 -6.115671935675226489e-01 2.170000000000000000e+02 7.675352201898171935e-10 -5.991464546340447228e+00 nan
-7.765287887333993666e-01 4.683621428690838001e-02 -6.161861394238171696e-01 2.160000000000000000e+02 7.675438267471056437e-10 -5.991464546340438346e+00 nan
-7.711087212640496125e-01 4.754244859543676344e-02 -6.208265189803193751e-01 2.150000000000000000e+02 7.675488094252849138e-10 -5.991464546340433017e+00 nan
-7.657178726291627990e-01 4.592587722417960233e-02 -6.254885320861306441e-01 2.140000000000000000e+02 7.675539315350201901e-10 -5.991464546340427688e+00 nan
-7.603559294877670904e-01 4.672071762996092559e-02 -6.301723813985570244e-01 2.130000000000000000e+02 7.675661334691562956e-10 -5.991464546340416142e+00 nan
-7.550225835123941520e-01 4.901839986277194833e-02 -6.348782724359697260e-01 2.120000000000000000e+02 7.675735107677506733e-10 -5.991464546340408148e+00 nan
-7.497175312826906968e-01 4.829663599096212234e-02 -6.396064136319157267e-01 2.110000000000000000e+02 7.675789094205210563e-10 -5.991464546340403707e+00 nan
-7.444404741818367865e-01 4.780597887140249774e-02 -6.443570163905135706e-01 2.100000000000000000e+02 7.676196342159303967e-10 -5.991464546340361963e+00 nan
-7.391911182956827364e-01 4.538582662667985795e-02 -6.491302951431712209e-01 2.090000000000000000e+02 7.676337425965702750e-10 -5.991464546340348640e+00 nan
-7.339691743145208003e-01 4.556693931601574904e-02 -6.539264674066642691e-01 2.080000000000000000e+02 7.676449203345724773e-10 -5.991464546340337982e+00 nan
-7.287743574374065947e-01 4.281475559486085797e-02 -6.587457538426131354e-01 2.070000000000000000e+02 7.676482896026764735e-10 -5.991464546340333541e+00 nan
-7.236063872789538776e-01 4.129805891088231956e-02 -6.635883783184011175e-01 2.060000000000000000e+02 7.676509467642232208e-10 -5.991464546340331765e+00 nan
-7.184649877785251881e-01 4.077597874867024130e-02 -6.684545679695740317e-01 2.050000000000000000e+02 7.676510331186034327e-10 -5.991464546340331765e+00 nan
-7.133498871117448514e-01 4.030219183872896238e-02 -6.733445532637658548e-01 2.040000000000000000e+02 7.676754537526888731e-10 -5.991464546340306008e+00 nan
-7.082608176042636261e-01 3.956846879055937738e-02 -6.782585680661948890e-01 2.030000000000000000e+02 7.676965859316120958e-10 -5.991464546340284691e+00 nan
-7.031975156477069389e-01 4.032240267654165627e-02 -6.831968497067774093e-01 2.020000000000000000e+02 7.677066522930790710e-10 -5.991464546340275810e+00 nan
-6.981597216177398701e-01 3.858263720509515216e-02 -6.881596390489064241e-01 2.010000000000000000e+02 7.677097275528445420e-10 -5.991464546340273145e+00 nan
-6.931471797941858304e-01 3.640596739352240652e-02 -6.931471805599455083e-01 2.000000000000000000e+02 7.677263048238265311e-10 -5.991464546340255382e+00 nan
-6.881596382831369763e-01 3.478033308203959395e-02 -6.981597223834897781e-01 1.990000000000000000e+02 7.677324533429732596e-10 -5.991464546340249164e+00 nan
-6.831968489409981915e-01 3.538592934343298690e-02 -7.031975164134469658e-01 1.980000000000000000e+02 7.677354195777059400e-10 -5.991464546340247388e+00 nan
-6.782585673004060123e-01 3.676378719861390920e-02 -7.082608183699936610e-01 1.970000000000000000e+02 7.677384119432624579e-10 -5.991464546340243835e+00 nan
-6.733445524979674301e-01 3.708213482347033629e-02 -7.133498878774648944e-01 1.960000000000000000e+02 7.677517370786193032e-10 -5.991464546340229624e+00 nan
-6.684545672037660591e-01 3.688720443536443183e-02 -7.184649885442353501e-01 1.950000000000000000e+02 7.677562734771806501e-10 -5.991464546340226072e+00 nan
-6.635883775525837081e-01 3.521374244730147984e-02 -7.236063880446540475e-01 1.940000000000000000e+02 7.677585690695891940e-10 -5.991464546340224295e+00 nan
-6.587457530767862890e-01 3.481190339992534799e-02 -7.287743582030966616e-01 1.930000000000000000e+02 7.677650479229381089e-10 -5.991464546340217190e+00 nan
-6.539264666408280968e-01 3.391472023896739685e-02 -7.339691750802006531e-01 1.920000000000000000e+02 7.677688739341258545e-10 -5.991464546340213637e+00 nan
-6.491302943773258338e-01 3.359091553278822223e-02 -7.391911190613523752e-01 1.910000000000000000e+02 7.677739194988445767e-10 -5.991464546340208308e+00 nan
-6.443570156246589686e-01 3.511803110142842216e-02 -7.444404749474961003e-01 1.900000000000000000e+02 7.677877873257946366e-10 -5.991464546340194985e+00 nan
-6.396064128660520209e-01 3.568181134840901075e-02 -7.497175320483399075e-01 1.890000000000000000e+02 7.677883081438192287e-10 -5.991464546340194097e+00 nan
-6.348782716700970274e-01 3.623403951591605554e-02 -7.550225842780330376e-01 1.880000000000000000e+02 7.678034693331503844e-10 -5.991464546340178998e+00 nan
-6.301723806326753330e-01 3.538772913460697112e-02 -7.603559302533956510e-01 1.870000000000000000e+02 7.678245268661825724e-10 -5.991464546340157682e+00 nan
-6.254885313202398489e-01 3.509500629392890703e-02 -7.657178733947810345e-01 1.860000000000000000e+02 7.678284672951405241e-10 -5.991464546340154129e+00 nan
-6.208265182144194760e-01 3.629942838779871839e-02 -7.711087220296574118e-01 1.850000000000000000e+02 7.678287444472563229e-10 -5.991464546340153241e+00 nan
-6.161861386579083888e-01 3.683074333987182425e-02 -7.765287894989966189e-01 1.840000000000000000e+02 7.678439256559268437e-10 -5.991464546340139030e+00 nan
-6.115671928016048753e-01 3.655977445022622757e-02 -7.819783942665613496e-01 1.830000000000000000e+02 7.678455718571066103e-10 -5.991464546340137254e+00 nan
-6.069694835529665378e-01 3.513675563207683400e-02 -7.874578600311868959e-01 1.820000000000000000e+02 7.678544370102362427e-10 -5.991464546340127484e+00 nan
-6.023928165255458822e-01 3.558886516387235743e-02 -7.929675158421565229e-01 1.810000000000000000e+02 7.678593204308617794e-10 -5.991464546340123043e+00 nan
-5.978369999896764320e-01 3.512104911994467366e-02 -7.985076962177718451e-01 1.800000000000000000e+02 7.678610998147619105e-10 -5.991464546340121267e+00 nan
-5.933018448242765031e-01 3.372158429320009504e-02 -8.040787412672272261e-01 1.790000000000000000e+02 7.678654945315210360e-10 -5.991464546340116826e+00 nan
-5.887871644697412199e-01 3.430196879644456520e-02 -8.096809968158971138e-01 1.780000000000000000e+02 7.678873978424454945e-10 -5.991464546340095509e+00 nan
-5.842927748818932399e-01 3.292701800501418585e-02 -8.153148145341531094e-01 1.770000000000000000e+02 7.678919326480495080e-10 -5.991464546340090180e+00 nan
-5.798184944869635427e-01 3.278478580008570287e-02 -8.209805520698304493e-01 1.760000000000000000e+02 7.678924597224167161e-10 -5.991464546340089292e+00 nan
-5.753641441375747512e-01 3.266993607143255790e-02 -8.266785731844681351e-01 1.750000000000000000e+02 7.679046247622965518e-10 -5.991464546340077746e+00 nan
-5.709295470697005603e-01 3.206622774344505128e-02 -8.324092478934531636e-01 1.740000000000000000e+02 7.679065672542320773e-10 -5.991464546340075970e+00 nan
-5.665145288605752949e-01 3.289862593287919135e-02 -8.381729526102031924e-01 1.730000000000000000e+02 7.679074246522783904e-10 -5.991464546340075081e+00 nan
-5.621189173875288381e-01 3.303048124782791833e-02 -8.439700702945290844e-01 1.720000000000000000e+02 7.679278962327919195e-10 -5.991464546340053765e+00 nan
-5.577425427877216180e-01 3.229190600871800765e-02 -8.498009906053223261e-01 1.710000000000000000e+02 7.679289792424324881e-10 -5.991464546340053765e+00 nan
-5.533852374187575585e-01 3.428877780834552885e-02 -8.556661100577204193e-01 1.700000000000000000e+02 7.679306999265021799e-10 -5.991464546340051989e+00 nan
-5.490468358201511245e-01 3.629130434170615982e-02 -8.615658321849086754e-01 1.690000000000000000e+02 7.679434712767744586e-10 -5.991464546340039554e+00 nan
-5.447271746756264799e-01 3.692085035455171943e-02 -8.675005677047231689e-01 1.680000000000000000e+02 7.679550922654696983e-10 -5.991464546340026232e+00 nan
-5.404260927762276623e-01 3.713534757048740642e-02 -8.734707346912269355e-01 1.670000000000000000e+02 7.679689767932142134e-10 -5.991464546340013797e+00 nan
-5.361434309842185719e-01 3.712711390853840748e-02 -8.794767587514388252e-01 1.660000000000000000e+02 7.679697782211315887e-10 -5.991464546340012909e+00 nan
-5.318790321977528990e-01 3.763915743171480921e-02 -8.855190732074014193e-01 1.650000000000000000e+02 7.679789153771096712e-10 -5.991464546340003139e+00 nan
-5.276327413162936741e-01 3.787266155968969927e-02 -8.915981192837836300e-01 1.640000000000000000e+02 7.679824887670065402e-10 -5.991464546340000474e+00 nan
-5.234044052067645669e-01 3.656822621404826751e-02 -8.977143463012197122e-01 1.630000000000000000e+02 7.679829644649657692e-10 -5.991464546339998698e+00 nan
-5.191938726704130591e-01 3.531949991934663774e-02 -9.038682118755979600e-01 1.620000000000000000e+02 7.679877095688576305e-10 -5.991464546339994257e+00 nan
-5.150009944103691728e-01 3.548271808601993760e-02 -9.100601821235190236e-01 1.610000000000000000e+02 7.679945486534034760e-10 -5.991464546339988040e+00 nan
-5.108256229998806575e-01 3.559996095351573159e-02 -9.162907318741551066e-01 1.600000000000000000e+02 7.680048080000905446e-10 -5.991464546339976494e+00 nan
-5.066676128512090926e-01 3.465766791115062334e-02 -9.225603448877505164e-01 1.590000000000000000e+02 7.680270904182032308e-10 -5.991464546339954289e+00 nan
-5.025268201851698091e-01 3.512770650929276234e-02 -9.288695140810152573e-01 1.580000000000000000e+02 7.680341905499525148e-10 -5.991464546339948072e+00 nan
-4.984031030012999186e-01 3.475473061552698806e-02 -9.352187417596740104e-01 1.570000000000000000e+02 7.680454086327874675e-10 -5.991464546339936525e+00 nan
-4.942963210486386871e-01 3.402743226285918215e-02 -9.416085398584450594e-01 1.560000000000000000e+02 7.680518879086425583e-10 -5.991464546339930308e+00 nan
-4.902063357971057633e-01 3.269579011072927532e-02 -9.480394301887354880e-01 1.550000000000000000e+02 7.680601292959427328e-10 -5.991464546339922315e+00 nan
-4.861330104094621629e-01 3.156834681652980618e-02 -9.545119446943529651e-01 1.540000000000000000e+02 7.680606978330814251e-10 -5.991464546339922315e+00 nan
-4.820762097138400759e-01 3.033158600956147380e-02 -9.610266257155466452e-01 1.530000000000000000e+02 7.680694583276437598e-10 -5.991464546339912545e+00 nan
-4.780358001768273968e-01 3.089990891227755929e-02 -9.675840262617056986e-01 1.520000000000000000e+02 7.680775128301485984e-10 -5.991464546339905439e+00 nan
-4.740116498770943210e-01 3.026620321762658189e-02 -9.741847102930577540e-01 1.510000000000000000e+02 7.680865297221429309e-10 -5.991464546339894781e+00 nan
-4.700036284795478525e-01 2.943329911890196771e-02 -9.808292530117262986e-01 1.500000000000000000e+02 7.680870225464956194e-10 -5.991464546339894781e+00 nan
-4.660116072100028428e-01 2.914389092999719946e-02 -9.875182411625229584e-01 1.490000000000000000e+02 7.680895366322671052e-10 -5.991464546339893005e+00 nan
-4.620354588303559051e-01 2.877308996900283106e-02 -9.942522733438670102e-01 1.480000000000000000e+02 7.680904349955890138e-10 -5.991464546339891228e+00 nan
-4.580750576142514907e-01 2.869244831897002287e-02 -1.001031960329245685e+00 1.470000000000000000e+02 7.680904469544038272e-10 -5.991464546339891228e+00 nan
-4.541302793232277479e-01 2.942465689341378435e-02 -1.007857925399645582e+00 1.460000000000000000e+02 7.680980621408762980e-10 -5.991464546339883235e+00 nan
-4.502010011833307845e-01 3.069555656441723748e-02 -1.014730804687407728e+00 1.450000000000000000e+02 7.680985600670162715e-10 -5.991464546339883235e+00 nan
-4.462871018621871189e-01 2.895944181902886799e-02 -1.021651247531981443e+00 1.440000000000000000e+02 7.681024259223979026e-10 -5.991464546339880570e+00 nan
-4.423884614465224963e-01 2.965021111878725357e-02 -1.028619916848074745e+00 1.430000000000000000e+02 7.681030204551154718e-10 -5.991464546339878794e+00 nan
-4.385049614201176338e-01 3.075051033057408026e-02 -1.035637489506721298e+00 1.420000000000000000e+02 7.681043502378785386e-10 -5.991464546339877906e+00 nan
-4.346364846421901240e-01 3.026889356861920885e-02 -1.042704656729813717e+00 1.410000000000000000e+02 7.681047374227524205e-10 -5.991464546339877906e+00 nan
-4.307829153261930055e-01 3.134455836547966889e-02 -1.049822124498677622e+00 1.400000000000000000e+02 7.681049192045526843e-10 -5.991464546339877018e+00 nan
-4.269441390190202856e-01 3.277727905972052658e-02 -1.056990613977290216e+00 1.390000000000000000e+02 7.681050047931794398e-10 -5.991464546339877018e+00 nan
-4.231200425806098120e-01 3.232644532745393429e-02 -1.064210861950777298e+00 1.380000000000000000e+02 7.681060779384889580e-10 -5.991464546339876129e+00 nan
-4.193105141639351663e-01 3.124856903336731620e-02 -1.071483621279857079e+00 1.370000000000000000e+02 7.681077590452304973e-10 -5.991464546339875241e+00 nan
-4.155154431953766436e-01 3.025831667405761566e-02 -1.078809661371930018e+00 1.360000000000000000e+02 7.681193223933546660e-10 -5.991464546339863695e+00 nan
-4.117347203554637125e-01 2.983396714582721085e-02 -1.086189768669552524e+00 1.350000000000000000e+02 7.681248070944204135e-10 -5.991464546339857478e+00 nan
-4.079682375599799626e-01 3.071602955395641432e-02 -1.093624747157070587e+00 1.340000000000000000e+02 7.681269034316832183e-10 -5.991464546339854813e+00 nan
-4.042158879414226580e-01 3.020659134717728483e-02 -1.101115418886228214e+00 1.330000000000000000e+02 7.681293653469622292e-10 -5.991464546339852149e+00 nan
-4.004775658308087349e-01 3.057288615044344293e-02 -1.108662624521611129e+00 1.320000000000000000e+02 7.681309411039320466e-10 -5.991464546339850372e+00 nan
-3.967531667398195849e-01 2.964739730143319332e-02 -1.116267223906830530e+00 1.310000000000000000e+02 7.681416103069255038e-10 -5.991464546339839714e+00 nan
-3.930425873432771833e-01 2.936037438842689640e-02 -1.123930096652399735e+00 1.300000000000000000e+02 7.681423292759694663e-10 -5.991464546339839714e+00 nan
-3.893457254619443475e-01 3.092105582914129666e-02 -1.131652142746309986e+00 1.290000000000000000e+02 7.681467223927766191e-10 -5.991464546339835273e+00 nan
-3.856624800456412983e-01 3.055641771240389520e-02 -1.139434283188365038e+00 1.280000000000000000e+02 7.681468881033700647e-10 -5.991464546339834385e+00 nan
-3.819927511566722500e-01 3.056877112895138582e-02 -1.147277460649390957e+00 1.270000000000000000e+02 7.681567412568892749e-10 -5.991464546339825503e+00 nan
-3.783364399535551481e-01 3.044584637239548114e-02 -1.155182640156504181e+00 1.260000000000000000e+02 7.681627899698014791e-10 -5.991464546339820174e+00 nan
-3.746934486750475024e-01 2.944394054833621502e-02 -1.163150809805681085e+00 1.250000000000000000e+02 7.681727229786093130e-10 -5.991464546339809516e+00 nan
-3.710636806244622110e-01 2.942899230024236673e-02 -1.171182981502945308e+00 1.240000000000000000e+02 7.681739769177838922e-10 -5.991464546339808628e+00 nan
-3.674470401542672127e-01 2.812245859311571575e-02 -1.179280191735564642e+00 1.230000000000000000e+02 7.681746379983828075e-10 -5.991464546339806851e+00 nan
-3.638434326509621952e-01 2.763629743780980988e-02 -1.187443502374725623e+00 1.220000000000000000e+02 7.681764557094097963e-10 -5.991464546339805963e+00 nan
-3.602527645202271978e-01 2.738533161811833316e-02 -1.195674001511241036e+00 1.210000000000000000e+02 7.681776207197620849e-10 -5.991464546339805075e+00 nan
-3.566749431723368335e-01 2.740566361574703694e-02 -1.203972804325936119e+00 1.200000000000000000e+02 7.681799030147087504e-10 -5.991464546339801522e+00 nan
-3.531098770078343052e-01 2.595620987336002411e-02 -1.212341053996452755e+00 1.190000000000000000e+02 7.681811250349781338e-10 -5.991464546339801522e+00 nan
-3.495574754034601606e-01 2.468926837662440560e-02 -1.220779922642317272e+00 1.180000000000000000e+02 7.681822734925132021e-10 -5.991464546339800634e+00 nan
-3.460176486983298494e-01 2.423366087817712192e-02 -1.229290612310225850e+00 1.170000000000000000e+02 7.681824224730593637e-10 -5.991464546339799746e+00 nan
-3.424903081803551963e-01 2.253019984586704036e-02 -1.237874356001617215e+00 1.160000000000000000e+02 7.681829575873390233e-10 -5.991464546339798858e+00 nan
-3.389753660729045159e-01 2.236376953886668947e-02 -1.246532418744731752e+00 1.150000000000000000e+02 7.681845563219826353e-10 -5.991464546339797081e+00 nan
-3.354727355216963192e-01 2.177785998606512202e-02 -1.255266098713486267e+00 1.140000000000000000e+02 7.681859155313546784e-10 -5.991464546339796193e+00 nan
-3.319823305819216697e-01 2.219136213454879838e-02 -1.264076728395641114e+00 1.130000000000000000e+02 7.681864751754880468e-10 -5.991464546339795305e+00 nan
-3.285040662055908056e-01 2.272817267056155902e-02 -1.272965675812887110e+00 1.120000000000000000e+02 7.681938685040258550e-10 -5.991464546339787312e+00 nan
-3.250378582290985308e-01 2.165294293785979124e-02 -1.281934345795647578e+00 1.110000000000000000e+02 7.681941846328048498e-10 -5.991464546339787312e+00 nan
-3.215836233610049888e-01 2.034454820174885770e-02 -1.290984181315565582e+00 1.100000000000000000e+02 7.681943979836517878e-10 -5.991464546339788200e+00 nan
-3.181412791700262144e-01 2.093236831786593477e-02 -1.300116664878838035e+00 1.090000000000000000e+02 7.681975331876879901e-10 -5.991464546339783759e+00 nan
-3.147107440732310191e-01 2.119225484809285007e-02 -1.309333319983762012e+00 1.080000000000000000e+02 7.682004840040916899e-10 -5.991464546339781094e+00 nan
-3.112919373244395493e-01 1.971368377921784570e-02 -1.318635712646075486e+00 1.070000000000000000e+02 7.682019948633734299e-10 -5.991464546339778430e+00 nan
-3.078847790028193532e-01 2.074232217425937830e-02 -1.328025452995914568e+00 1.060000000000000000e+02 7.682069817034481558e-10 -5.991464546339774877e+00 nan
-3.044891900016752917e-01 2.027461663734127228e-02 -1.337504196950458413e+00 1.050000000000000000e+02 7.682076801089561084e-10 -5.991464546339773989e+00 nan
-3.011050920174289103e-01 1.949331986816040668e-02 -1.347073647966609222e+00 1.040000000000000000e+02 7.682085522748265388e-10 -5.991464546339773101e+00 nan
-2.977324075387838831e-01 1.897231433929368397e-02 -1.356735558878346071e+00 1.030000000000000000e+02 7.682095266722213273e-10 -5.991464546339772212e+00 nan
-2.943710598360733122e-01 1.873603493639722228e-02 -1.366491733823710808e+00 1.020000000000000000e+02 7.682105052556596619e-10 -5.991464546339771324e+00 nan
-2.910209729507856058e-01 1.777142800138249365e-02 -1.376344030266722473e+00 1.010000000000000000e+02 7.682106878406024629e-10 -5.991464546339772212e+00 nan
-2.876820716852653281e-01 1.792061610589584103e-02 -1.386294361119890572e+00 1.000000000000000000e+02 7.682120763035346096e-10 -5.991464546339770436e+00 nan
-2.843542815925850231e-01 1.901296663591614186e-02 -1.396344696973391919e+00 9.900000000000000000e+01 7.682124193285128769e-10 -5.991464546339769548e+00 nan
-2.810375289665855147e-01 1.827274187127225780e-02 -1.406497068437409848e+00 9.800000000000000000e+01 7.682131300973936539e-10 -5.991464546339769548e+00 nan
-2.777317408320804648e-01 1.852031321942044020e-02 -1.416753568604598890e+00 9.700000000000000000e+01 7.682189890724821816e-10 -5.991464546339762443e+00 nan
-2.744368449352223571e-01 1.892748915176532820e-02 -1.427116355640145384e+00 9.600000000000000000e+01 7.682201104860276853e-10 -5.991464546339761554e+00 nan
-2.711527697340269105e-01 1.951875995357336621e-02 -1.437587655507440720e+00 9.500000000000000000e+01 7.682204892307691500e-10 -5.991464546339761554e+00 nan
-2.678794443890522570e-01 1.800281947253561457e-02 -1.448169764837977658e+00 9.400000000000000000e+01 7.682260377486742960e-10 -5.991464546339755337e+00 nan
-2.646167987542303868e-01 1.784465081394177519e-02 -1.458865053954725655e+00 9.300000000000000000e+01 7.682284271558135784e-10 -5.991464546339753561e+00 nan
-2.613647633678476412e-01 1.761528931690761399e-02 -1.469675970058941239e+00 9.200000000000000000e+01 7.682291666363390749e-10 -5.991464546339752673e+00 nan
-2.581232694436712549e-01 1.745397845880617554e-02 -1.480605040591131516e+00 9.100000000000000000e+01 7.682295163512034119e-10 -5.991464546339750896e+00 nan
-2.548922488622193949e-01 1.881411188345880753e-02 -1.491654876777716465e+00 9.000000000000000000e+01 7.682321327307459411e-10 -5.991464546339750008e+00 nan
-2.516716341621718644e-01 1.854335410674726181e-02 -1.502828177375841623e+00 8.900000000000000000e+01 7.682362268566777768e-10 -5.991464546339744679e+00 nan
-2.484613585319183082e-01 1.804082598400464851e-02 -1.514127732629775069e+00 8.800000000000000000e+01 7.682395422367697312e-10 -5.991464546339742014e+00 nan
-2.452613558012421424e-01 1.797365041800425348e-02 -1.525556428453397784e+00 8.700000000000000000e+01 7.682404820527087581e-10 -5.991464546339741126e+00 nan
-2.420715604331367121e-01 1.623606395414988260e-02 -1.537117250854473705e+00 8.600000000000000000e+01 7.682406192815827786e-10 -5.991464546339740238e+00 nan
-2.388919075157517891e-01 1.588799003915504840e-02 -1.548813290617665039e+00 8.500000000000000000e+01 7.682413088583031606e-10 -5.991464546339740238e+00 nan
-2.357223327544675229e-01 1.497745817256204010e-02 -1.560647748264667900e+00 8.400000000000000000e+01 7.682431702680410363e-10 -5.991464546339737574e+00 nan
-2.325627724640938476e-01 1.464355458522404244e-02 -1.572623939311383667e+00 8.300000000000000000e+01 7.682440914814167296e-10 -5.991464546339737574e+00 nan
-2.294131635611924847e-01 1.390999442945599698e-02 -1.584745299843728583e+00 8.200000000000000000e+01 7.682453895395714683e-10 -5.991464546339736685e+00 nan
-2.262734435565196267e-01 1.322311777127259912e-02 -1.597015392435543024e+00 8.100000000000000000e+01 7.682456601895672673e-10 -5.991464546339736685e+00 nan
-2.231435505475868886e-01 1.335796330363703439e-02 -1.609437912434100282e+00 8.000000000000000000e+01 7.682462374702720069e-10 -5.991464546339735797e+00 nan
-2.200234232113381927e-01 1.418705776543468036e-02 -1.622016694640960432e+00 7.900000000000000000e+01 7.682467200965499459e-10 -5.991464546339734909e+00 nan
-2.169130007969407303e-01 1.365430235041642168e-02 -1.634755720418390235e+00 7.800000000000000000e+01 7.682474191921260867e-10 -5.991464546339734021e+00 nan
-2.138122231186875000e-01 1.387771517512661340e-02 -1.647659125254298029e+00 7.700000000000000000e+01 7.682476921206823899e-10 -5.991464546339734909e+00 nan
-2.107210305490097024e-01 1.305242800534083675e-02 -1.660731206821650874e+00 7.600000000000000000e+01 7.682485047849569962e-10 -5.991464546339733133e+00 nan
-2.076393640115966610e-01 1.367393553027573469e-02 -1.673976433571671585e+00 7.500000000000000000e+01 7.682499112045860285e-10 -5.991464546339731356e+00 nan
-2.045671649746215737e-01 1.398973563101675241e-02 -1.687399453903812185e+00 7.400000000000000000e+01 7.682552296324999303e-10 -5.991464546339727804e+00 nan
-2.015043754440709323e-01 1.454159909882119135e-02 -1.701005105959590757e+00 7.300000000000000000e+01 7.682561748346818675e-10 -5.991464546339725139e+00 nan
-1.984509379571757215e-01 1.446328356466150371e-02 -1.714798428091926619e+00 7.200000000000000000e+01 7.682574580285691232e-10 -5.991464546339724251e+00 nan
-1.954067955759427044e-01 1.334269858745353032e-02 -1.728784670066666473e+00 7.100000000000000000e+01 7.682583373087451714e-10 -5.991464546339723363e+00 nan
-1.923718918807838518e-01 1.376111890073238725e-02 -1.742969305058622798e+00 7.000000000000000000e+01 7.682587166384173767e-10 -5.991464546339724251e+00 nan
-1.893461709642420832e-01 1.287426065767637365e-02 -1.757358042510722473e+00 6.900000000000000000e+01 7.682603278346182908e-10 -5.991464546339722474e+00 nan
-1.863295774248116821e-01 1.418891828924171046e-02 -1.771956841931875193e+00 6.800000000000000000e+01 7.682625813082216120e-10 -5.991464546339719810e+00 nan
-1.833220563608516374e-01 1.311929757201366412e-02 -1.786771927717015762e+00 6.700000000000000000e+01 7.682659119239101813e-10 -5.991464546339715369e+00 nan
-1.803235533645903277e-01 1.466058629846862457e-02 -1.801809805081556304e+00 6.600000000000000000e+01 7.682664096561497134e-10 -5.991464546339715369e+00 nan
-1.773340145162196069e-01 1.434501254760677490e-02 -1.817077277212344688e+00 6.500000000000000000e+01 7.682673587029414063e-10 -5.991464546339714481e+00 nan
-1.743533863780771243e-01 1.450627087369835144e-02 -1.832581463748309991e+00 6.400000000000000000e+01 7.682676711216304789e-10 -5.991464546339714481e+00 nan
-1.713816159889149926e-01 1.443343622507898931e-02 -1.848329820716449134e+00 6.300000000000000000e+01 7.682696574083097687e-10 -5.991464546339711816e+00 nan
-1.684186508582533048e-01 1.505354137022165556e-02 -1.864330162062890262e+00 6.200000000000000000e+01 7.682703270413939418e-10 -5.991464546339711816e+00 nan
-1.654644389608172228e-01 1.533204881897896714e-02 -1.880590682934670577e+00 6.100000000000000000e+01 7.682705118920748100e-10 -5.991464546339710928e+00 nan
-1.625189287310558339e-01 1.488326679958579604e-02 -1.897119984885881072e+00 6.000000000000000000e+01 7.682717538435884096e-10 -5.991464546339710040e+00 nan
-1.595820690577415546e-01 1.478647402116923908e-02 -1.913927103202262225e+00 5.900000000000000000e+01 7.682718854865313991e-10 -5.991464546339710040e+00 nan
-1.566538092786486647e-01 1.590849418156362396e-02 -1.931021536561562391e+00 5.800000000000000000e+01 7.682740261086149773e-10 -5.991464546339707375e+00 nan
-1.537340991753093911e-01 1.561506972871833272e-02 -1.948413279273431664e+00 5.700000000000000000e+01 7.682762163621204356e-10 -5.991464546339705599e+00 nan
-1.508228889678464579e-01 1.421729094052425098e-02 -1.966112856372832507e+00 5.600000000000000000e+01 7.682767093041915752e-10 -5.991464546339705599e+00 nan
-1.479201293098805770e-01 1.430996184266600420e-02 -1.984131361875510757e+00 5.500000000000000000e+01 7.682769179534466887e-10 -5.991464546339704711e+00 nan
-1.450257712835116286e-01 1.420310333619159357e-02 -2.002480500543707187e+00 5.400000000000000000e+01 7.682791908829721544e-10 -5.991464546339702935e+00 nan
-1.421397663943722856e-01 1.403568577006304892e-02 -2.021172633555859743e+00 5.300000000000000000e+01 7.682797651064965526e-10 -5.991464546339702046e+00 nan
-1.392620665667527458e-01 1.328836997002099882e-02 -2.040220828526554175e+00 5.200000000000000000e+01 7.682806854550927590e-10 -5.991464546339701158e+00 nan
-1.363926241387955485e-01 1.374781402384663356e-02 -2.059638914383655539e+00 5.100000000000000000e+01 7.682820726051357282e-10 -5.991464546339698494e+00 nan
-1.335313918577590020e-01 1.418185339258046414e-02 -2.079441541679835304e+00 5.000000000000000000e+01 7.682831338886175666e-10 -5.991464546339697606e+00 nan
-1.306783228753482240e-01 1.302428033452676485e-02 -2.099644248997354801e+00 4.900000000000000000e+01 7.682850875624909378e-10 -5.991464546339695829e+00 nan
-1.278333707431126287e-01 1.205565837055389347e-02 -2.120263536200090559e+00 4.800000000000000000e+01 7.682853741777834174e-10 -5.991464546339696717e+00 nan
-1.249964894079086675e-01 1.182903515887802175e-02 -2.141316945397922833e+00 4.700000000000000000e+01 7.682855140598506264e-10 -5.991464546339694941e+00 nan
-1.221676332074267124e-01 1.186454758822393270e-02 -2.162823150618886636e+00 4.600000000000000000e+01 7.682859008572102436e-10 -5.991464546339695829e+00 nan
-1.193467568657811256e-01 1.293126110819783729e-02 -2.184802057337662085e+00 4.500000000000000000e+01 7.682880527664142999e-10 -5.991464546339694053e+00 nan
-1.165338154891622374e-01 1.238049280270005735e-02 -2.207274913189720689e+00 4.400000000000000000e+01 7.682901192574579120e-10 -5.991464546339691388e+00 nan
-1.137287645615494142e-01 1.104936390576488452e-02 -2.230264431414419324e+00 4.300000000000000000e+01 7.682901220025977056e-10 -5.991464546339691388e+00 nan
-1.109315599404840091e-01 1.028869689099732275e-02 -2.253794928824613297e+00 4.200000000000000000e+01 7.682915200328799017e-10 -5.991464546339690500e+00 nan
-1.081421578529012800e-01 1.057999549878439055e-02 -2.277892480403673758e+00 4.100000000000000000e+01 7.682930415608916133e-10 -5.991464546339688724e+00 nan
-1.053605148910203293e-01 1.082118458491263153e-02 -2.302585092994045457e+00 4.000000000000000000e+01 7.682931154714022296e-10 -5.991464546339688724e+00 nan
-1.025865880082909715e-01 1.046543656889294301e-02 -2.327902900978335410e+00 3.900000000000000000e+01 7.682946885618854457e-10 -5.991464546339686947e+00 nan
-9.982033451539673585e-02 1.030487107516804557e-02 -2.353878387381596049e+00 3.800000000000000000e+01 7.682992604842348765e-10 -5.991464546339682506e+00 nan
-9.706171207631292264e-02 9.219024800637281442e-03 -2.380546634463757361e+00 3.700000000000000000e+01 7.682997076381505504e-10 -5.991464546339681618e+00 nan
-9.431067870441897649e-02 8.815920499160734974e-03 -2.407945608651871794e+00 3.600000000000000000e+01 7.683010548429678974e-10 -5.991464546339680730e+00 nan
-9.156719275866408159e-02 1.011895299507322918e-02 -2.436116485618568195e+00 3.500000000000000000e+01 7.683017722120060171e-10 -5.991464546339679842e+00 nan
-8.883121293978529787e-02 1.108992432728368380e-02 -2.465104022491820590e+00 3.400000000000000000e+01 7.683019599880755383e-10 -5.991464546339680730e+00 nan
-8.610269828657726721e-02 1.133519433144781000e-02 -2.494956985641501923e+00 3.300000000000000000e+01 7.683021105669392671e-10 -5.991464546339680730e+00 nan
-8.338160817221262899e-02 1.130627522249192350e-02 -2.525728644308255610e+00 3.200000000000000000e+01 7.683026764723761641e-10 -5.991464546339679842e+00 nan
-8.066790230061240963e-02 1.071344547183407728e-02 -2.557477342622835881e+00 3.100000000000000000e+01 7.683028357056399026e-10 -5.991464546339679842e+00 nan
-7.796154070286552551e-02 1.119627222433418334e-02 -2.590267165445826691e+00 3.000000000000000000e+01 7.683042811149710823e-10 -5.991464546339678066e+00 nan
-7.526248373369658073e-02 1.046735994064955724e-02 -2.624168717121508010e+00 2.900000000000000000e+01 7.683065392831526670e-10 -5.991464546339676289e+00 nan
-7.257069206798125172e-02 1.064945782380832991e-02 -2.659260036932777904e+00 2.800000000000000000e+01 7.683070198338518490e-10 -5.991464546339674513e+00 nan
-6.988612669730837057e-02 1.142627471405448757e-02 -2.695627681103652584e+00 2.700000000000000000e+01 7.683085627732645580e-10 -5.991464546339672737e+00 nan
-6.720874892658809663e-02 1.168795277157640145e-02 -2.733368009086499573e+00 2.600000000000000000e+01 7.683095853980172034e-10 -5.991464546339671848e+00 nan
-6.453852037070535730e-02 1.171635311126035563e-02 -2.772588722239780701e+00 2.500000000000000000e+01 7.683098210222590951e-10 -5.991464546339670960e+00 nan
-6.187540295121781581e-02 1.222614838538122785e-02 -2.813410716760035957e+00 2.400000000000000000e+01 7.683101011363662890e-10 -5.991464546339671848e+00 nan
-5.921935889309774825e-02 1.153404861589328416e-02 -2.855970331178832033e+00 2.300000000000000000e+01 7.683103868243119606e-10 -5.991464546339670960e+00 nan
-5.657035072151701816e-02 1.144260371140520469e-02 -2.900422093749666086e+00 2.200000000000000000e+01 7.683113914853740116e-10 -5.991464546339670960e+00 nan
-5.392834125867457251e-02 1.141355781961505590e-02 -2.946942109384559139e+00 2.100000000000000000e+01 7.683125917318965506e-10 -5.991464546339670072e+00 nan
-5.129329362066570308e-02 1.097092614375019815e-02 -2.995732273553991298e+00 2.000000000000000000e+01 7.683132330275404158e-10 -5.991464546339669184e+00 nan
-4.866517121439244142e-02 1.079487334386308554e-02 -3.047025567941541890e+00 1.900000000000000000e+01 7.683140242516254509e-10 -5.991464546339668296e+00 nan
-4.604393773451449096e-02 1.036331199415271680e-02 -3.101092789211817635e+00 1.800000000000000000e+01 7.683143890350416208e-10 -5.991464546339668296e+00 nan
-4.342955716043997438e-02 1.010063100368528179e-02 -3.158251203051766431e+00 1.700000000000000000e+01 7.683146112330254770e-10 -5.991464546339668296e+00 nan
-4.082199375335541364e-02 1.028598073604063481e-02 -3.218875824868201452e+00 1.600000000000000000e+01 7.683149729311998235e-10 -5.991464546339667407e+00 nan
-3.822121205329437332e-02 9.305390792109912573e-03 -3.283414346005772533e+00 1.500000000000000000e+01 7.683156485439151557e-10 -5.991464546339666519e+00 nan
-3.562717687624408075e-02 9.549263056158227916e-03 -3.352407217492724190e+00 1.400000000000000000e+01 7.683160973858863264e-10 -5.991464546339666519e+00 nan
-3.303985331128949515e-02 9.565813528373549174e-03 -3.426515189646445858e+00 1.300000000000000000e+01 7.683165279919097100e-10 -5.991464546339665631e+00 nan
-3.045920671779423633e-02 8.369199487243074789e-03 -3.506557897319982242e+00 1.200000000000000000e+01 7.683166894086054938e-10 -5.991464546339665631e+00 nan
-2.788520272261777941e-02 7.898526742907642853e-03 -3.593569274309611927e+00 1.100000000000000000e+01 7.683168188303649487e-10 -5.991464546339665631e+00 nan
-2.531780721736837450e-02 8.280413857992646037e-03 -3.688879454113936696e+00 1.000000000000000000e+01 7.683170641336592564e-10 -5.991464546339665631e+00 nan
-2.275698635569114656e-02 7.573387920232817032e-03 -3.794239969771763032e+00 9.000000000000000000e+00 7.683176858787922535e-10 -5.991464546339664743e+00 nan
-2.020270655059082723e-02 6.365487166127421249e-03 -3.912023005428146405e+00 8.000000000000000000e+00 7.683179640583429907e-10 -5.991464546339664743e+00 nan
-1.765493447178859837e-02 5.788561421833758255e-03 -4.045554398052669143e+00 7.000000000000000000e+00 7.683194886527039272e-10 -5.991464546339662967e+00 nan
-1.511363704311249889e-02 5.572935191262004713e-03 -4.199705077879927195e+00 6.000000000000000000e+00 7.683195429218873093e-10 -5.991464546339662967e+00 nan
-1.257878143992094411e-02 4.484474711702366757e-03 -4.382026634673882093e+00 5.000000000000000000e+00 7.683196988001099988e-10 -5.991464546339662967e+00 nan
-1.005033508655878149e-02 3.226173288828807807e-03 -4.605170185988091802e+00 4.000000000000000000e+00 7.683210370333064663e-10 -5.991464546339661190e+00 nan
-7.528265653845442329e-03 3.138769701528836779e-03 -4.892852258439872593e+00 3.000000000000000000e+00 7.683212107853737702e-10 -5.991464546339661190e+00 nan
-5.012541056594696509e-03 2.534947405009997830e-03 -5.298317366548037199e+00 2.000000000000000000e+00 7.683216085241048805e-10 -5.991464546339661190e+00 nan
-2.503129451165507936e-03 1.699188937196766721e-03 -5.298317366548037199e+00 1.000000000000000000e+00 7.683219363830083749e-10 -5.991464546339660302e+00 nan
