weight logl A B
2.499999999901315103e-03 1.132779939342358937e-14 9.718575809098539686e-01 4.584330814602920467e-01
2.499999999901322042e-03 1.552994335711326632e-14 9.371764922434168144e-01 6.300213634946532082e-01
2.499999999901330715e-03 1.757398136889814335e-14 9.468110820986380682e-01 4.728127035437327264e-01
2.499999999901328547e-03 1.784916801210550215e-14 9.731808391709405592e-01 4.099363949078838054e-01
2.499999999901330715e-03 1.791122887403198875e-14 9.275839120168647423e-01 6.537455257449292789e-01
2.499999999901332884e-03 1.860882856729480363e-14 9.868995282252980283e-01 6.444923865373027860e-01
2.499999999901335052e-03 1.963192068894715191e-14 8.950548089117039696e-01 6.115009001363106433e-01
2.499999999901335052e-03 1.968879467227072363e-14 9.781397445462624018e-01 6.582188048718036200e-01
2.499999999901339823e-03 2.095901965802271974e-14 9.448086115653910877e-01 4.595079110863530270e-01
2.499999999901339823e-03 2.106853387376196337e-14 9.397772418059864297e-01 6.818335320933114341e-01
2.499999999901341991e-03 2.221412371893043701e-14 9.712102653059563329e-01 3.938606378031402899e-01
2.499999999901341991e-03 2.222327608953021203e-14 8.895789211131374108e-01 5.943474590493613707e-01
2.499999999901339823e-03 2.244933116182446061e-14 9.299779873562452615e-01 6.939483967496028471e-01
2.499999999901341991e-03 2.250657694065985486e-14 9.371421522591046882e-01 4.710724021595970035e-01
2.499999999901344160e-03 2.324748245824447288e-14 9.797048095589863115e-01 6.838934085842677257e-01
2.499999999901346328e-03 2.443994286737355425e-14 8.591625903194081149e-01 6.986759206024649727e-01
2.499999999901348496e-03 2.481897928545300354e-14 8.470248703575027349e-01 6.747250519466804208e-01
2.499999999901348496e-03 2.531240515524280975e-14 8.579768485056641358e-01 6.383439764994595089e-01
2.499999999901350665e-03 2.604008061701560350e-14 8.779596798674039748e-01 5.930598571093118609e-01
2.499999999901348496e-03 2.616286929381840075e-14 8.364367467414343116e-01 6.710461705455438297e-01
2.499999999901352833e-03 2.622787673055581671e-14 9.477470496965897384e-01 7.176084379658682622e-01
2.499999999901352833e-03 2.677367749006956303e-14 8.458296623453609442e-01 7.242216940037333739e-01
2.499999999901357170e-03 2.916131234923777509e-14 7.756699888133111731e-01 7.175060745560231101e-01
2.499999999901359772e-03 2.944121629503807502e-14 8.060354206910524955e-01 7.458289498164016873e-01
2.499999999901359772e-03 2.949709415776593318e-14 9.690610818332461296e-01 7.324045707995926469e-01
2.499999999901359772e-03 2.966710091040606877e-14 8.190198204823820882e-01 7.501105726172466737e-01
2.499999999901359772e-03 3.040311186243643791e-14 8.663322079475407334e-01 7.578764291452774193e-01
2.499999999901359772e-03 3.041444818448601586e-14 8.151838455139605033e-01 7.568722266119167763e-01
2.499999999901361940e-03 3.058817238875338025e-14 7.696156336559026867e-01 6.983505834498724418e-01
2.499999999901364109e-03 3.149015835285301802e-14 8.908753828663422691e-01 7.639238507340180284e-01
2.499999999901366277e-03 3.157667377355658305e-14 7.227242573248573443e-01 7.593260513122811473e-01
2.499999999901366277e-03 3.182782883868741250e-14 6.746154140111394470e-01 7.348240523634880228e-01
2.499999999901364109e-03 3.233842621204573905e-14 6.229371814534953034e-01 7.420777821768987925e-01
2.499999999901366277e-03 3.249462931802814608e-14 7.011421766269231304e-01 7.158296645299853100e-01
2.499999999901368446e-03 3.303870822954451597e-14 3.882833593249485071e-01 7.583027432168459869e-01
2.499999999901368446e-03 3.305881862563993391e-14 3.694837850192359552e-01 7.550629021614684300e-01
2.499999999901368446e-03 3.317220489213064825e-14 3.302784948240533591e-02 7.622081742927816483e-01
2.499999999901368446e-03 3.318716186192960892e-14 2.832335969312430590e-01 7.509418040451272258e-01
2.499999999901366277e-03 3.324458971141004878e-14 6.830994519940194465e-01 7.771587180423306096e-01
2.499999999901368446e-03 3.326534015656650447e-14 9.601804310858010894e-01 3.796329687577556511e-01
2.499999999901370614e-03 3.340903423900629725e-14 9.924461353750024806e-02 7.700239847585744757e-01
2.499999999901370614e-03 3.343153648260256922e-14 5.594648917348487016e-01 7.749709242211842986e-01
2.499999999901370614e-03 3.348618940025138397e-14 1.215046215124243600e-01 7.717212487949487443e-01
2.499999999901370614e-03 3.359615463140813860e-14 5.858662319024623422e-01 7.779543897634431104e-01
2.499999999901370614e-03 3.365611442030159821e-14 1.385311256636442279e-01 7.749259854161036909e-01
2.499999999901368446e-03 3.395875497850045247e-14 7.172090021483068512e-02 7.387481448094030956e-01
2.499999999901370614e-03 3.407299387262473508e-14 7.298984144884352876e-01 7.864249197939094937e-01
2.499999999901370614e-03 3.412656025290928871e-14 9.788240444513552907e-01 3.374277159568576101e-01
2.499999999901372782e-03 3.422592182065905412e-14 7.061872879015806959e-01 7.873855742433086835e-01
2.499999999901372782e-03 3.423673273790435549e-14 8.631538344019250575e-01 7.853029191422143951e-01
2.499999999901372782e-03 3.449906885747056970e-14 8.167898601175097584e-01 6.398120698862395095e-01
2.499999999901372782e-03 3.459528227383187404e-14 6.133974577595203703e-01 7.191125430539817565e-01
2.499999999901370614e-03 3.467437326079184323e-14 4.306102097357238367e-01 7.889109059533767621e-01
2.499999999901372782e-03 3.477020336563026539e-14 5.546856378258382403e-01 7.905878819410906422e-01
2.499999999901370614e-03 3.487630852174364212e-14 5.629707673148117708e-01 7.224470816316722610e-01
2.499999999901372782e-03 3.535879076917141391e-14 4.612881778713961989e-01 7.958805496308364313e-01
2.499999999901374951e-03 3.545338481300717343e-14 2.001123887788713862e-02 7.272245111775151871e-01
2.499999999901374951e-03 3.554805893421526072e-14 5.027462452542255100e-01 7.220794107880665891e-01
2.499999999901374951e-03 3.562858290592108413e-14 3.307067428213438243e-01 7.982397613946041748e-01
2.499999999901372782e-03 3.563000910269622903e-14 4.632913733278636315e-01 7.984037175403700948e-01
2.499999999901372782e-03 3.565572167370404115e-14 3.848148855255217882e-01 7.985325632805739815e-01
2.499999999901374951e-03 3.566232438653025136e-14 7.463365851256533734e-01 7.992803358645732548e-01
2.499999999901374951e-03 3.589204623424386165e-14 7.648626083015143129e-01 6.716136732080310034e-01
2.499999999901374951e-03 3.597044933507732010e-14 4.326138723171801814e-02 8.013009144316173282e-01
2.499999999901377553e-03 3.601163365942827969e-14 2.194574168456213670e-01 7.238438206437769473e-01
2.499999999901377553e-03 3.612073894299686157e-14 6.200921993881612915e-01 8.030038258541032370e-01
2.499999999901374951e-03 3.627801195635600775e-14 5.816328728948204629e-01 7.135780655974801601e-01
2.499999999901379721e-03 3.687911169916408702e-14 6.319519831683891864e-01 7.055444159646018232e-01
2.499999999901379721e-03 3.745785398937699742e-14 7.512138684729267046e-01 6.727114934618394493e-01
2.499999999901379721e-03 3.767642340962392984e-14 4.006968590224261328e-01 7.150204461890002916e-01
2.499999999901381890e-03 3.775257366503184451e-14 7.451482153228897731e-01 8.146070218496026527e-01
2.499999999901381890e-03 3.812468449674704534e-14 7.293839465750086015e-01 8.175338368955432644e-01
2.499999999901379721e-03 3.853425177240801115e-14 2.357533975627330580e-01 7.131170098366177434e-01
2.499999999901384058e-03 3.866147894587562361e-14 1.800440579559122733e-01 8.229472301216569363e-01
2.499999999901381890e-03 3.912826881783156544e-14 4.903844799282703892e-01 8.262374789904910477e-01
2.499999999901384058e-03 3.928447007412053204e-14 4.944114832540529303e-01 8.273641842827076376e-01
2.499999999901384058e-03 3.948137169817175661e-14 1.423220876449882155e-02 8.289721678169247321e-01
2.499999999901386227e-03 3.952916401135297893e-14 5.916108790600341782e-01 8.288358311572593395e-01
2.499999999901384058e-03 3.990044822148221646e-14 1.503815227004456911e-01 7.088227257726024133e-01
2.499999999901386227e-03 4.026783811314734155e-14 9.379838735584069553e-01 4.111594681754856540e-01
2.499999999901386227e-03 4.036169272112962596e-14 1.769639393059734278e-01 7.073966720155160370e-01
2.499999999901388395e-03 4.058670380189658008e-14 2.683214051383965293e-01 8.368454328081699201e-01
2.499999999901386227e-03 4.112612287897652680e-14 1.382302950935124786e-01 8.406567590659310696e-01
2.499999999901390563e-03 4.144429117992327715e-14 2.832640292213972621e-02 7.045114426537559815e-01
2.499999999901388395e-03 4.169686453344550743e-14 2.034938073395041735e-01 8.446289594757128150e-01
2.499999999901390563e-03 4.206257369135226693e-14 4.520592413778469210e-01 7.004269584436260132e-01
2.499999999901392732e-03 4.272958253779628941e-14 1.474173227753566850e-01 7.011265964771915549e-01
2.499999999901392732e-03 4.290081200789942383e-14 3.815847719059503040e-01 8.528772895453418101e-01
2.499999999901390563e-03 4.303233124876251295e-14 5.123206272590929977e-02 8.538774398375754693e-01
2.499999999901392732e-03 4.306803466428226218e-14 5.568048904177680392e-02 8.541232642870754121e-01
2.499999999901392732e-03 4.327155496856757762e-14 7.531683229281551650e-01 6.559708326839711612e-01
2.499999999901392732e-03 4.347238281742619937e-14 2.412141491708560403e-01 8.568856184594908498e-01
2.499999999901397502e-03 4.408330357609820719e-14 3.454136722801940396e-01 6.971864001557982471e-01
2.499999999901397502e-03 4.440785767705051630e-14 1.520477440195480145e-01 8.633438440233280886e-01
2.499999999901397502e-03 4.449087439685265511e-14 4.471848412680410334e-01 8.637396758625628390e-01
2.499999999901397502e-03 4.486812784064309679e-14 2.859920748772886157e-01 8.664891016354439035e-01
2.499999999901399671e-03 4.576372731206971062e-14 2.222926818366209867e-01 6.942444538420080580e-01
2.499999999901401839e-03 4.577977447985130719e-14 5.903666438040020559e-01 6.854421483692235695e-01
2.499999999901399671e-03 4.628449576418688023e-14 4.509261441247648383e-01 8.761643642351655270e-01
2.499999999901401839e-03 4.662371758735980470e-14 4.754053166822541643e-01 8.784872981853458773e-01
2.499999999901404008e-03 4.702596951985792546e-14 9.230212862607187763e-01 8.649331368419258537e-01
2.499999999901401839e-03 4.721948935822473180e-14 4.808408875421160689e-01 8.826657637753682062e-01
2.499999999901401839e-03 4.746603616141160583e-14 5.478476052487548653e-01 8.841875197218735938e-01
2.499999999901404008e-03 4.763112144083037523e-14 2.581922611001538082e-01 8.858069405716942901e-01
2.499999999901406176e-03 4.812357408306120432e-14 3.648837620963928385e-01 8.892614112412156047e-01
2.499999999901404008e-03 4.826580009706379134e-14 9.849221548718479768e-01 8.606440197208026222e-01
2.499999999901408344e-03 4.850127912341197337e-14 7.738016623329035948e-02 6.892758744834711626e-01
2.499999999901406176e-03 4.885736600444006937e-14 6.154413810055904266e-01 8.937491863425337524e-01
2.499999999901406176e-03 4.920746139042312964e-14 3.105950703781003019e-01 8.971239658670219219e-01
2.499999999901408344e-03 4.937441427321315430e-14 4.394845816222999746e-01 8.982238397894845017e-01
2.499999999901410513e-03 4.957208206615978991e-14 5.582627310615695393e-01 6.807661385108078056e-01
2.499999999901408344e-03 4.969956894238278050e-14 6.928733805390423495e-01 6.630051840689152876e-01
2.499999999901408344e-03 4.970979711505063206e-14 1.376399504141835317e-01 6.871279037025648240e-01
2.499999999901408344e-03 4.999138941177884751e-14 3.800946931607220858e-01 9.028401937126970811e-01
2.499999999901410513e-03 5.011532480319238867e-14 6.347276530836319930e-01 9.028303712624518029e-01
2.499999999901408344e-03 5.014545181471144615e-14 3.707486543360049014e-01 9.039921474110219624e-01
2.499999999901410513e-03 5.032699714716043329e-14 7.808687658053103942e-02 9.054285469033894751e-01
2.499999999901412681e-03 5.107264030003398876e-14 6.556617787322693847e-01 9.098322876109594670e-01
2.499999999901412681e-03 5.140589279277729672e-14 1.949428764328949848e-01 9.135742493451762813e-01
2.499999999901417452e-03 5.227424603711151962e-14 9.248134609234263115e-01 9.058241407577029003e-01
2.499999999901417452e-03 5.240674918299448681e-14 6.738493883063459977e-01 9.199790073308841132e-01
2.499999999901417452e-03 5.256307073978617280e-14 8.481294279021300841e-01 9.156427484579958698e-01
2.499999999901417452e-03 5.260526066498758321e-14 4.382875756337653028e-01 9.227720684888158775e-01
2.499999999901417452e-03 5.330856122602233374e-14 7.602790507571408618e-01 9.255705214866275510e-01
2.499999999901419620e-03 5.335688988404213981e-14 4.378820143504494888e-01 9.287931776095917913e-01
2.499999999901417452e-03 5.358591813625159328e-14 5.515666525517707308e-01 9.303768571820565381e-01
2.499999999901419620e-03 5.401727202582412404e-14 3.552982482556557020e-01 9.342792640526538239e-01
2.499999999901419620e-03 5.439675909938739604e-14 7.345791883115531107e-01 9.352526849793906250e-01
2.499999999901419620e-03 5.454079547993403458e-14 9.197344162688592117e-01 9.261084651897907305e-01
2.499999999901421788e-03 5.495198759778374006e-14 6.915283726007112053e-01 9.407240807776476865e-01
2.499999999901423957e-03 5.558277964798151752e-14 5.242892977649176167e-01 9.473475688220007740e-01
2.499999999901426125e-03 5.564697942669260062e-14 6.455072343634464804e-01 6.627222243079449182e-01
2.499999999901426125e-03 5.604119381183909184e-14 8.496993807431302281e-01 9.455899542607417718e-01
2.499999999901423957e-03 5.617233376874138496e-14 6.513714306135264254e-01 9.519027861525565237e-01
2.499999999901423957e-03 5.632283471610211295e-14 9.141815099047263526e-01 9.432043110910300898e-01
2.499999999901426125e-03 5.634207676475209300e-14 2.738770297621947458e-01 6.768866819469692153e-01
2.499999999901426125e-03 5.636129601542098047e-14 8.354603093229399091e-01 9.492974819149568866e-01
2.499999999901426125e-03 5.662162909474794354e-14 2.125149281437491711e-01 9.569115144065556411e-01
2.499999999901428294e-03 5.663431654846781268e-14 4.630596645383736609e-01 9.568769356293947981e-01
2.499999999901426125e-03 5.673478759744781834e-14 9.105081020612735276e-01 9.475347923886201507e-01
2.499999999901428294e-03 5.691121726926480447e-14 8.876541481874760109e-01 9.512399982519794683e-01
2.499999999901428294e-03 5.721709632739709219e-14 4.282060399866862710e-01 9.623071872758307554e-01
2.499999999901430462e-03 5.739891153228392175e-14 6.054174402199106186e-01 9.635348975457275200e-01
2.499999999901428294e-03 5.760640774645872612e-14 6.683804944094579037e-01 9.650412035869438965e-01
2.499999999901430462e-03 5.776663655416204048e-14 7.065851510104911304e-01 9.661374287508035508e-01
2.499999999901430462e-03 5.779591190869811730e-14 8.433515571176455339e-01 5.573442694568873090e-01
2.499999999901428294e-03 5.807458581161917648e-14 3.781428501149142196e-01 9.705276019681901012e-01
2.499999999901428294e-03 5.811758810213189159e-14 8.726060825260570919e-01 9.642145094492624580e-01
2.499999999901430462e-03 5.831692167267887529e-14 6.247715283514755358e-01 9.722884733007330915e-01
2.499999999901433064e-03 5.836921085279680532e-14 8.797804518262413165e-01 9.663113955668076738e-01
2.499999999901435233e-03 5.932658620814120921e-14 3.825358443339966774e-01 9.830804781143706039e-01
2.499999999901435233e-03 5.935111571325577125e-14 8.529553509367717723e-01 9.781253816424678726e-01
2.499999999901433064e-03 5.952723825508169999e-14 7.529486007165016037e-01 9.831673799544689007e-01
2.499999999901433064e-03 5.985147058639129007e-14 3.640711113312000702e-01 9.885996071615509306e-01
2.499999999901435233e-03 5.987095996468565600e-14 5.089439523437024882e-01 9.886498801892767974e-01
2.499999999901433064e-03 5.988643320574160356e-14 3.624884191252574217e-01 9.889729096776518347e-01
2.499999999901435233e-03 6.000986040129623216e-14 9.051496534998114685e-01 4.445161132771913159e-01
2.499999999901437401e-03 6.015113925115490143e-14 3.317907523413697879e-01 9.918299576048058563e-01
2.499999999901435233e-03 6.024217047691838547e-14 4.172753712882416588e-01 9.927687114292456094e-01
2.499999999901437401e-03 6.029974741276625021e-14 1.153766862713089258e-01 9.934799603878566865e-01
2.499999999901437401e-03 6.033241300582250779e-14 2.417692610502042427e-02 9.938398284310719921e-01
2.499999999901435233e-03 6.041376102766670522e-14 8.375886406585730803e-02 9.947293486388716355e-01
2.499999999901435233e-03 6.078486726464597905e-14 7.535332123725396736e-01 9.969325600945684318e-01
2.499999999901437401e-03 6.084452059689516613e-14 2.718644339473071936e-01 9.995011229367910532e-01
2.499999999901439569e-03 6.200957274918912224e-14 9.854602840782670237e-01 9.979418647976221468e-01
2.499999999901453013e-03 6.740182039630513556e-14 8.634366797936243731e-01 5.130578751050198782e-01
2.499999999901453013e-03 6.741569399766595346e-14 8.204141761914697240e-01 5.698090675951652528e-01
2.499999999901457350e-03 6.821450009960933199e-14 6.303188082068285070e-01 6.498401638817853376e-01
2.499999999901457350e-03 6.905519606287709084e-14 1.977013285545148324e-02 6.629976536465689296e-01
2.499999999901466024e-03 7.209872607285331692e-14 4.302628858491704955e-01 6.580049234971270256e-01
2.499999999901463855e-03 7.213770870599365939e-14 2.759576199085871373e-01 6.596284407371519887e-01
2.499999999901472963e-03 7.546142053478671580e-14 2.833226131747139664e-01 6.566511849647850285e-01
2.499999999901475131e-03 7.621194125248366250e-14 6.986481150668505391e-01 6.287154171008850767e-01
2.499999999901508525e-03 8.941912599045308415e-14 3.472080607642634709e-01 6.454521445411481873e-01
2.499999999901508525e-03 9.008589008061514050e-14 9.874158200958822462e-01 2.097626711326939786e-01
2.499999999901508525e-03 9.012334278053492927e-14 6.091644181181469220e-01 6.337591746082004152e-01
2.499999999901528474e-03 9.661476722187581144e-14 6.238778171234629077e-01 6.273992440584539310e-01
2.499999999901528474e-03 9.807314543197008443e-14 8.575936958738498150e-01 4.853638883152983086e-01
2.499999999901534979e-03 1.004634860005570231e-13 5.442240068618273696e-01 6.325636122931421745e-01
2.499999999901541484e-03 1.020810316270373897e-13 1.037609612897090194e-01 6.383401721607072643e-01
2.499999999901544086e-03 1.038419304964091354e-13 6.066909439374005286e-01 6.249693898290712424e-01
2.499999999901544086e-03 1.043254687004822091e-13 1.161204028704792002e-01 6.370186830926586330e-01
2.499999999901559265e-03 1.089904785374542420e-13 4.121868936839859776e-01 6.324814142667833927e-01
2.499999999901559265e-03 1.098045694988766469e-13 8.316809351867799904e-01 5.125940411977525368e-01
2.499999999901561867e-03 1.107706686512727187e-13 2.654252327174665416e-01 6.330383789067539624e-01
2.499999999901577046e-03 1.163468207494631934e-13 9.556063876265652457e-01 2.517591384966503254e-01
2.499999999901601766e-03 1.257220122366038310e-13 2.429968671610646114e-01 6.256418341229165181e-01
2.499999999901599598e-03 1.260671024196173209e-13 4.548942043905841448e-01 6.227497846967290362e-01
2.499999999901608271e-03 1.290827587000872064e-13 4.653995484677362349e-01 6.210135602128995513e-01
2.499999999901621715e-03 1.346615566368831802e-13 3.779817882465474899e-01 6.204777000991062996e-01
2.499999999901670288e-03 1.537420200973418249e-13 8.746397508191785519e-01 4.053257603702163925e-01
2.499999999901670288e-03 1.544521821983388789e-13 5.985326313484217176e-01 6.011347038706911228e-01
2.499999999901688068e-03 1.616604074874029468e-13 8.433798990237325599e-01 4.571084922262863559e-01
2.499999999901703681e-03 1.667073840519151709e-13 1.835863610248228417e-01 6.093833369337962047e-01
2.499999999901712788e-03 1.711849696455421114e-13 1.226838942138032129e-01 6.079697857347239331e-01
2.499999999901717125e-03 1.728535541812340094e-13 8.194061792872979755e-01 4.852025557738881556e-01
2.499999999901719294e-03 1.733981053656236302e-13 1.393408085006816455e-01 6.071992792324480970e-01
2.499999999901730569e-03 1.776437272883553989e-13 1.974232413152019472e-01 6.056639764067652809e-01
2.499999999901730569e-03 1.784417835588424023e-13 9.391174411593459226e-01 2.352666448551486988e-01
2.499999999901741411e-03 1.832434940826382151e-13 9.033533772738471246e-01 3.198355606530729478e-01
2.499999999901768299e-03 1.929573610141219047e-13 9.572071080259006992e-01 1.779679100281619242e-01
2.499999999901788249e-03 2.004947810545356868e-13 6.686149386489137481e-02 5.988979671502147051e-01
2.499999999901788249e-03 2.019672413910622386e-13 9.955278864784581350e-01 7.118027783947744602e-02
2.499999999901792586e-03 2.035361135135548318e-13 9.756946079132294836e-01 1.219257289175434966e-01
2.499999999901801259e-03 2.061994280016943186e-13 3.067191914528997199e-01 5.964408976563621012e-01
2.499999999901803861e-03 2.081401937379340839e-13 8.180795548271834194e-01 4.685453687547732615e-01
2.499999999901821642e-03 2.149891062522801638e-13 3.301715729288334789e-02 5.948912626126103831e-01
2.499999999901823811e-03 2.159452520926303702e-13 9.048213118135992605e-01 2.944757827337611822e-01
2.499999999901856770e-03 2.291953383363738155e-13 8.333485837822054432e-01 4.357484866517452593e-01
2.499999999901874551e-03 2.358679666372469978e-13 8.251284065094330877e-01 4.454704976643890646e-01
2.499999999901883659e-03 2.398398769910996614e-13 8.482272259529337610e-01 4.047547652643261884e-01
2.499999999901887995e-03 2.415370179918379204e-13 9.444861107673232503e-01 1.773277278845341032e-01
2.499999999901907945e-03 2.492709480230527755e-13 9.200841764186941107e-01 2.360727653824568062e-01
2.499999999901994681e-03 2.840552984841525174e-13 8.197001261417495854e-01 4.335455440360300727e-01
2.499999999902010293e-03 2.903986516845659723e-13 5.572644905859199804e-01 5.667650260072581991e-01
2.499999999902036748e-03 2.999295060239879257e-13 7.881103868663552614e-02 5.755343659663340050e-01
2.499999999902034580e-03 3.003855520354397602e-13 1.464627743811606209e-01 5.753333266807890700e-01
2.499999999902067973e-03 3.131459135381728053e-13 8.339003328406979776e-03 5.730816912834315602e-01
2.499999999902092259e-03 3.228326736012006054e-13 4.784750351669244672e-01 5.660247834930947075e-01
2.499999999902107872e-03 3.298568562528753137e-13 8.079336947370538979e-01 4.344993451808181195e-01
2.499999999902176827e-03 3.566154230326794871e-13 4.375591699633731846e-01 5.617627597948724461e-01
2.499999999902205450e-03 3.689755600426892653e-13 4.143657465813948004e-01 5.604586926434613758e-01
2.499999999902267900e-03 3.931177901888753147e-13 4.340990560940093390e-01 5.560256193499497623e-01
2.499999999902314304e-03 4.111718575012820450e-13 4.014975500056872093e-02 5.570696324902461027e-01
2.499999999902345529e-03 4.240935804427299446e-13 8.754710478993976697e-01 2.699183678620705740e-01
2.499999999902354202e-03 4.278116756519329580e-13 4.172017451751841577e-01 5.514838675170610216e-01
2.499999999902354202e-03 4.282406629037800872e-13 8.638141377179439084e-01 2.963151893419699867e-01
2.499999999902356371e-03 4.287121580127277223e-13 9.196154694740863444e-01 1.526796143764541647e-01
2.499999999902512062e-03 4.906860302157513348e-13 7.421144000250713413e-01 4.670987987263826025e-01
2.499999999902578415e-03 5.179447413143085498e-13 9.512519296151378256e-01 2.905002484490559755e-02
2.499999999902705050e-03 5.685632639062869300e-13 9.417658387498858419e-01 3.957586741679863795e-02
2.499999999902729770e-03 5.782287575186814385e-13 9.534552507890752260e-01 1.499644418928358647e-03
2.499999999902751888e-03 5.863595367436895134e-13 7.858325266171264367e-01 4.015631240780255240e-01
2.499999999902751888e-03 5.867998543505932853e-13 4.446968736410691347e-01 5.311330975337911209e-01
2.499999999902758393e-03 5.897347934244662536e-13 7.976496369592498414e-01 3.834243455522726718e-01
2.499999999902774005e-03 5.954966107067369549e-13 9.655277220110836112e-04 5.350154501237217586e-01
2.499999999902789618e-03 6.025449842642508203e-13 8.006942762968204397e-01 3.759552495985938325e-01
2.499999999902800460e-03 6.054335475700368980e-13 6.491541835497967039e-01 5.000549147764968838e-01
2.499999999902820843e-03 6.137459525391313289e-13 2.402099580256306099e-01 5.325345630832071242e-01
2.499999999902855971e-03 6.291577043251321411e-13 5.888688437911693274e-02 5.316408482487101628e-01
2.499999999902876354e-03 6.355063725186651724e-13 2.549827930199631831e-01 5.303121873471807746e-01
2.499999999902931865e-03 6.584839102577501176e-13 8.735052464871231326e-01 2.057464879415970005e-01
2.499999999903022505e-03 6.952794695368518603e-13 2.961635591769791187e-01 5.244256041750837705e-01
2.499999999903049393e-03 7.051096750440204335e-13 4.920868034128673685e-01 5.167884993904989788e-01
2.499999999903144803e-03 7.441956339561512643e-13 7.061466139752811122e-01 4.563571231742402645e-01
2.499999999903260162e-03 7.900605011944493638e-13 2.613780295793146635e-01 5.169510487525300624e-01
2.499999999903400241e-03 8.462175160389094683e-13 1.081679297090543113e-02 5.136386720104892945e-01
2.499999999903411083e-03 8.503630482100607900e-13 8.849336679210927370e-01 1.303815625137159095e-01
2.499999999903453583e-03 8.675678360020661530e-13 4.996148465622959334e-01 5.027929398894221968e-01
2.499999999903595397e-03 9.240888854516260701e-13 4.592064344849632329e-01 5.017070359611918162e-01
2.499999999903622285e-03 9.346182905604363244e-13 2.591650213672951342e-01 5.065834360137949632e-01
2.499999999903624454e-03 9.361745246859729018e-13 6.726554384841021417e-02 5.073446766393787666e-01
2.499999999903704251e-03 9.670455794337764098e-13 5.724689747580460342e-01 4.859327129362182029e-01
2.499999999903844330e-03 1.023037546958696247e-12 5.552872587338806287e-01 4.850178126471234030e-01
2.499999999903953184e-03 1.067103606958250204e-12 4.469351203174508624e-01 4.931625343680143825e-01
2.499999999904010863e-03 1.089443079688361170e-12 9.054967983465075365e-01 2.277454708280057805e-02
2.499999999904168289e-03 1.153976803854418374e-12 7.351559458557214155e-01 3.886469321950695166e-01
2.499999999904266301e-03 1.191672832823612493e-12 1.637726347888193157e-01 4.920535666134165931e-01
2.499999999904308368e-03 1.209395344419696626e-12 7.799922305152957591e-01 3.203781108972028058e-01
2.499999999904357374e-03 1.228995348012321799e-12 8.235964518191105643e-01 2.279480831159351739e-01
2.499999999904501356e-03 1.285849576884447870e-12 6.823089982165077005e-01 4.230413803426856800e-01
2.499999999904639267e-03 1.340764630592291935e-12 4.831232380287565631e-01 4.755093809087768131e-01
2.499999999904637098e-03 1.341498033120430417e-12 2.687571669518051820e-01 4.837840985149830519e-01
2.499999999904665721e-03 1.352861840911464708e-12 7.513051774154431151e-01 3.503994730112067746e-01
2.499999999904745952e-03 1.384227901819985613e-12 8.960207263471223760e-01 3.462830421268159320e-03
2.499999999904788019e-03 1.401261533791371577e-12 7.523398944882749850e-01 3.446169996767222132e-01
2.499999999904794525e-03 1.403197184074941454e-12 8.096548438638189182e-01 2.388378355547134957e-01
2.499999999904798861e-03 1.405390572303223648e-12 6.025081832188023956e-01 4.516058733169100448e-01
2.499999999905192210e-03 1.562108500027026791e-12 7.115610676134904722e-01 3.804137687199409257e-01
2.499999999905220833e-03 1.573904554479784409e-12 2.861651476781511549e-01 4.733526145753218506e-01
2.499999999905405147e-03 1.647871232771366525e-12 1.567160429504966812e-01 4.715759352179760278e-01
2.499999999905445046e-03 1.663276797263670507e-12 1.864703815077465299e-01 4.708205256002957473e-01
2.499999999905644973e-03 1.743136505174539374e-12 8.536586719915184585e-01 8.491250217994283922e-02
2.499999999906273376e-03 1.996024967022781098e-12 9.618378932565319062e-02 4.595201364050812698e-01
2.499999999906335826e-03 2.020914713801271439e-12 5.881502862757441719e-01 4.279010916358815253e-01
2.499999999906473303e-03 2.075728572596885292e-12 6.549293921599581569e-01 3.964542676708859847e-01
2.499999999906644173e-03 2.144412637833624454e-12 6.944498468286920412e-01 3.629997465603197471e-01
2.499999999907157218e-03 2.348286422423980484e-12 6.846464786176111872e-01 3.623293744104203462e-01
2.499999999907201453e-03 2.366576274370949813e-12 2.562056699573582730e-01 4.473723993754474826e-01
2.499999999907252628e-03 2.387306461923442825e-12 8.093466645721955066e-01 1.478223338581260426e-01
2.499999999907465999e-03 2.472065204186632138e-12 4.512542541945809838e-01 4.367748797750661272e-01
2.499999999907559240e-03 2.509756247181219956e-12 3.314980387003153561e-01 4.419939199966743670e-01
2.499999999907599139e-03 2.525820712019178088e-12 6.733856025094405728e-01 3.643515946780228054e-01
2.499999999907696717e-03 2.564743427725421373e-12 7.692136487091150165e-01 2.298508331685820139e-01
2.499999999907716666e-03 2.572153883135388287e-12 7.300813336131425357e-01 2.987825749348789195e-01
2.499999999907763504e-03 2.590964292910580460e-12 1.023087390655439410e-01 4.426098753900791216e-01
2.499999999907787790e-03 2.600519937724435218e-12 2.697000740148151054e-01 4.409913583680362681e-01
2.499999999908162924e-03 2.750987611242240788e-12 7.292940407457743079e-01 2.909806537015333650e-01
2.499999999908567114e-03 2.911008759408482158e-12 7.612671637782599809e-01 2.259951957547055024e-01
2.499999999908687244e-03 2.960552826019319923e-12 6.619365638365239946e-01 3.572824203582342095e-01
2.499999999909053271e-03 3.107592219935762154e-12 6.359666517890465443e-01 3.704742787503115808e-01
2.499999999909330826e-03 3.218094172279594069e-12 8.127298567694628550e-01 8.144090136515202971e-02
2.499999999909433175e-03 3.258659082057501797e-12 8.379475221517090899e-01 4.173377669319466854e-03
2.499999999909444451e-03 3.262709401029279653e-12 5.484193413651513582e-01 4.016354518874343249e-01
2.499999999909841703e-03 3.421948929729253045e-12 1.777451228832983565e-01 4.239507767001216010e-01
2.499999999910176938e-03 3.555887122118375037e-12 3.170072305072015872e-01 4.191569187225381299e-01
2.499999999910201224e-03 3.565987484537942561e-12 8.096093857544855998e-01 6.977416056183349813e-02
2.499999999910243725e-03 3.582743310345036614e-12 7.110869212214728785e-01 2.823821645328009611e-01
2.499999999910281455e-03 3.597817708250801470e-12 7.546242692395958018e-01 2.054614840308436330e-01
2.499999999910428039e-03 3.657233273018076898e-12 1.897771921766868708e-01 4.194445969373488126e-01
2.499999999910556842e-03 3.709163318021463520e-12 6.787362908001907114e-01 3.177204357324354689e-01
2.499999999910936313e-03 3.859906475930171307e-12 6.870934265637843597e-01 3.038444727333878825e-01
2.499999999911200425e-03 3.966280657861910172e-12 7.579301928189662307e-01 1.819974757196480830e-01
2.499999999911255936e-03 3.987590970030597898e-12 5.739383296009515911e-01 3.777901723653571686e-01
2.499999999911376065e-03 4.035941442835448932e-12 4.173284516503055208e-01 4.055386248483455747e-01
2.499999999912215238e-03 4.371904681302550260e-12 3.032651375678621086e-01 4.056027967623769825e-01
2.499999999912224345e-03 4.375526637961923134e-12 7.984225879464178499e-01 6.030504986647522436e-02
2.499999999914804313e-03 5.407158553028137905e-12 6.110708299923983677e-02 3.940861501422672220e-01
2.499999999915206335e-03 5.568303413790012362e-12 3.272318513876970592e-01 3.882929609552983052e-01
2.499999999915288301e-03 5.600216559402850576e-12 8.795562852613847404e-02 3.916310758695820127e-01
2.499999999915297408e-03 5.604384664531139027e-12 5.404346986050073687e-01 3.607796455053735585e-01
2.499999999915597081e-03 5.723668798650944050e-12 4.978437789787693024e-01 3.696589878678187002e-01
2.499999999916618400e-03 6.132542359779130123e-12 7.905466571972495915e-01 1.302841875771421076e-02
2.499999999917191292e-03 6.361611451272715944e-12 4.330349679090966797e-01 3.716084046693798326e-01
2.499999999918241667e-03 6.781573822127803072e-12 7.607231290178039229e-01 7.637683012361873303e-02
2.499999999919904833e-03 7.447521017739354664e-12 7.343864004149672775e-01 1.243987934672348139e-01
2.499999999919975957e-03 7.475290791056830386e-12 4.637144543316007450e-02 3.722941477361695339e-01
2.499999999920806456e-03 7.808395617026761271e-12 5.384198654134644269e-01 3.338047954489752334e-01
2.499999999920835079e-03 7.819618218992324880e-12 7.291823816045611695e-01 1.276022461105332795e-01
2.499999999922908941e-03 8.650183211578975625e-12 2.617553413363712389e-01 3.599716993917682073e-01
2.499999999923608468e-03 8.928652685680136275e-12 3.730435355948868992e-02 3.602491042586932757e-01
2.499999999926892300e-03 1.024228934414233019e-11 3.106273755259898461e-01 3.465163721798150132e-01
2.499999999929115348e-03 1.113142021514180481e-11 6.218550554748291104e-01 2.473001291579407512e-01
2.499999999929244151e-03 1.118396437251736485e-11 2.774942488980053357e-01 3.416163118940737098e-01
2.499999999929472701e-03 1.127440374156785276e-11 2.384919411389423427e-01 3.421567404124009615e-01
2.499999999929874723e-03 1.143486824913895701e-11 4.069152755688940637e-01 3.314629099581782867e-01
2.499999999932521477e-03 1.249531237447660607e-11 4.026563204241507821e-01 3.253628047967661585e-01
2.499999999936211668e-03 1.396976203257472915e-11 5.278877935215612327e-01 2.869675500775863419e-01
2.499999999938341041e-03 1.482179224488263995e-11 4.837570907550289290e-01 2.970701248428597729e-01
2.499999999944180987e-03 1.715774799945305037e-11 3.258189039059220526e-01 3.088619486544410542e-01
2.499999999946165945e-03 1.795306528673828062e-11 1.395171064184614895e-01 3.114235023535308899e-01
2.499999999948271032e-03 1.879503598715249848e-11 4.630810200757391470e-01 2.829596054752896439e-01
2.499999999950220427e-03 1.957421967236502624e-11 5.442547425468565736e-01 2.467951898202759287e-01
2.499999999951077814e-03 1.991670130201052032e-11 2.595513197236972713e-01 3.014676784327757764e-01
2.499999999952203216e-03 2.036649633812121952e-11 3.165511821066200326e-01 2.970268503545734351e-01
2.499999999954290522e-03 2.120188865400176235e-11 6.200143117911649515e-01 1.667679965191697367e-01
2.499999999955318779e-03 2.161285123048658625e-11 6.470572922829560536e-01 1.213795509328842170e-01
2.499999999958067449e-03 2.271263360729447606e-11 6.907724866905512462e-01 1.782191510389385947e-02
2.499999999964609091e-03 2.532917795544999271e-11 5.390633647035589782e-01 2.239056015309894843e-01
2.499999999965079635e-03 2.551755280664471485e-11 4.988993708150833983e-01 2.445175313521408267e-01
2.499999999967162604e-03 2.635024186854853051e-11 4.912824246813674023e-01 2.447635036005023634e-01
2.499999999969968953e-03 2.747299478291443258e-11 2.260383380526997943e-02 2.826106454062867757e-01
2.499999999975500119e-03 2.968550550479490411e-11 2.958779408041216641e-01 2.708868964670054780e-01
2.499999999983269511e-03 3.279296602228519918e-11 3.441809700198450450e-02 2.701348296318369924e-01
2.499999999990648158e-03 3.574562671201869352e-11 2.735485330313308650e-01 2.586575630803266135e-01
2.499999999996456879e-03 3.806811386523011330e-11 1.037790003717108389e-01 2.590261218576237479e-01
2.499999999996969924e-03 3.827322689097830205e-11 3.399211153793409990e-01 2.482601967885955663e-01
2.499999999999872116e-03 3.943380477641110851e-11 3.349211187726034433e-01 2.465372859014586249e-01
2.499999999999951913e-03 3.946613363058718544e-11 2.401835450317024723e-02 2.571636651564823683e-01
2.500000000003322481e-03 4.081313598311668150e-11 5.934623295539949162e-01 1.108925291444521344e-01
2.500000000023708518e-03 4.896816991927458791e-11 2.296440905445754632e-01 2.379311229751440715e-01
2.500000000027805067e-03 5.060664720604412821e-11 3.255668465461999395e-01 2.286099608196671129e-01
2.500000000031641842e-03 5.214218145126944224e-11 3.938242539284985133e-01 2.155374868175816694e-01
2.500000000032534791e-03 5.249875839414072453e-11 5.124979901431458984e-01 1.651290360968667992e-01
2.500000000042766624e-03 5.659183932319961204e-11 5.942893153975925546e-02 2.314025922814932912e-01
2.500000000051266335e-03 5.999158029892320683e-11 4.276840458122427302e-01 1.946266263474893954e-01
2.500000000052049996e-03 6.030531373418026831e-11 5.235105953672524182e-01 1.406781227975019144e-01
2.500000000054328556e-03 6.121644022123955833e-11 4.948197278786724551e-01 1.609842651645189138e-01
2.500000000056431040e-03 6.205762882080750021e-11 1.948255067909987481e-02 2.251880655603125669e-01
2.500000000062017717e-03 6.429271536775656645e-11 2.031069414174402343e-01 2.192443459369733949e-01
2.500000000064688758e-03 6.536130304219305194e-11 5.226099178480179130e-01 1.320139542308170766e-01
2.500000000067253546e-03 6.638711673854530718e-11 4.020936772168470785e-01 1.934652981024087559e-01
2.500000000084812851e-03 7.341080234974794368e-11 3.861829850991380653e-01 1.890437261716654271e-01
2.500000000087057583e-03 7.430882416158666255e-11 4.384322848179489363e-01 1.714654106290204316e-01
2.500000000108198658e-03 8.276514113129541428e-11 2.277657668432201410e-01 1.996076357234218834e-01
2.500000000114344784e-03 8.522338361406096451e-11 1.774765872702177560e-01 1.997116380262805579e-01
2.500000000142493274e-03 9.648394653505323840e-11 1.985290964036496852e-01 1.898050583947685777e-01
2.500000000160705269e-03 1.037684695055998117e-10 9.213532690563219774e-02 1.876527087511878911e-01
2.500000000168288179e-03 1.068016890797558319e-10 4.692156910943628967e-01 1.191108856837441721e-01
2.500000000168927858e-03 1.070573145361089029e-10 4.193768114696612148e-01 1.455080146838528821e-01
2.500000000185865264e-03 1.138326658560301163e-10 5.176688374901543543e-01 6.747570472369290862e-02
2.500000000189171647e-03 1.151546224018588854e-10 3.321610192576017750e-01 1.634024195672550972e-01
2.500000000231306779e-03 1.320078579233248641e-10 1.568423568541175150e-01 1.685582690690476948e-01
2.500000000250333660e-03 1.396186588826304508e-10 5.096009521864409697e-01 4.969582836672892245e-02
2.500000000264893194e-03 1.454425538411839121e-10 9.018110322525085820e-04 1.645878008189106678e-01
2.500000000274048197e-03 1.491040172453932808e-10 4.942651155179921263e-01 5.850921975868039748e-02
2.500000000313312362e-03 1.648108287745004622e-10 2.105494007902505293e-01 1.494951074883971165e-01
2.500000000350802339e-03 1.798062233386117553e-10 3.026531296888390621e-02 1.490368630486521573e-01
2.500000000388134455e-03 1.947400982405883079e-10 1.503579809888255792e-01 1.403118885067375921e-01
2.500000000421971971e-03 2.082755576131080450e-10 3.028672090193863520e-01 1.208054701137790676e-01
2.500000000540523841e-03 2.556955789424801546e-10 2.641529347586720755e-01 1.105808148324356477e-01
2.500000000542313642e-03 2.564122210592083530e-10 3.711148714271228499e-02 1.233214937032875991e-01
2.500000000568501461e-03 2.668870156589620461e-10 2.217828984922030067e-01 1.121403801947024048e-01
2.500000000596339436e-03 2.780222770800325961e-10 1.437826499059831065e-01 1.143374008242540318e-01
2.500000000610860806e-03 2.838305443091376554e-10 1.233495854844068873e-02 1.163496077689615271e-01
2.500000000629912407e-03 2.914516104815823792e-10 4.424481571582525863e-01 2.657735791755422294e-02
2.500000000663667524e-03 3.049537465385662803e-10 4.271880491245284572e-01 3.419971808576616201e-02
2.500000000824789941e-03 3.694020678389821240e-10 9.210712690579769824e-02 9.542871082751924749e-02
2.500000000854355267e-03 3.812281712716291000e-10 5.558536293610538692e-02 9.415049928038465854e-02
2.500000000863354579e-03 3.848281368493937860e-10 2.044832577533464146e-01 8.573095018403387169e-02
2.500000001202940577e-03 5.206627943262598203e-10 2.748007777569301258e-01 5.100209476482653326e-02
2.500000001320118112e-03 5.675339622367109186e-10 1.374937566409555334e-01 6.148701443455628635e-02
2.500000001680028131e-03 7.114976637724716367e-10 3.201572125974283534e-01 9.368299803985680185e-03
2.500000001760028373e-03 7.434973908481202992e-10 1.157701841711118451e-01 4.252997646877676452e-02
2.500000001801799213e-03 7.602064835790139919e-10 1.884489771457832363e-01 3.469443955992179696e-02
2.500000002005856037e-03 8.418291948342594846e-10 2.168465600979514463e-01 2.265449895140247971e-02
2.500000002082734644e-03 8.725801817787170513e-10 9.453581996155313583e-03 3.476095823403224649e-02
2.500000002639009723e-03 1.095090515831212403e-09 1.737185863884043169e-01 7.861243445257404261e-03
2.500000003211653651e-03 1.324147728108203862e-09 6.666844493776169500e-02 1.991704794569448822e-03
2.500000003334535391e-03 1.373300720873313412e-09 3.842199437491755631e-03 1.654333553435693993e-03
