weight logl A B
2.499999999988725217e-03 7.624459095797811518e-10 4.442961151120120659e+06 1.028593293910600012e+06
2.499999999988845346e-03 7.624945625645966300e-10 1.143681974839971215e+07 1.016866671650312375e+06
2.499999999988856188e-03 7.624985926913949004e-10 5.345733205316858366e+06 1.035301460694876267e+06
2.499999999989353620e-03 7.626982116039080167e-10 2.071493451195946429e+06 1.081909187296522316e+06
2.499999999989404795e-03 7.627183038111572323e-10 1.577871133967328630e+07 1.045928287446013186e+06
2.499999999989478087e-03 7.627473143476493967e-10 1.167773232239639387e+06 1.094074476022444433e+06
2.499999999989506710e-03 7.627590384326629571e-10 2.685447821285140142e+07 1.022355078556090943e+06
2.499999999989547042e-03 7.627750476874803200e-10 1.081707195293185767e+06 1.099769528329516528e+06
2.499999999989635513e-03 7.628099729911539021e-10 3.787715427246162295e+07 1.001681671250276151e+06
2.499999999989751306e-03 7.628560421009561716e-10 2.789501108461027965e+07 1.038743744963065954e+06
2.499999999989786434e-03 7.628704080696919839e-10 6.779262476065680385e+06 1.102182396574169165e+06
2.499999999989855389e-03 7.628981010428844351e-10 1.087256702587931417e+07 1.095952307394551812e+06
2.499999999989884446e-03 7.629105283076743782e-10 2.752642967216811143e+06 1.122224806752245175e+06
2.499999999989952967e-03 7.629373673025305456e-10 2.024704337663321290e+06 1.129950526729645906e+06
2.499999999990019754e-03 7.629635722747573350e-10 2.983419202337196097e+06 1.132636721620500786e+06
2.499999999990195395e-03 7.630347577993759446e-10 5.000374730253993534e+06 1.141947576186088612e+06
2.499999999990241799e-03 7.630524805587782377e-10 4.318812910620429367e+07 1.037500982218211284e+06
2.499999999990301647e-03 7.630769635046529151e-10 6.522780566444398835e+06 1.146715087504961295e+06
2.499999999990319428e-03 7.630835548461375110e-10 7.548137645028824918e+06 1.145174806968880584e+06
2.499999999990317259e-03 7.630840956225024813e-10 1.228077146826579608e+07 1.131542646357456222e+06
2.499999999990634714e-03 7.632102751195244747e-10 8.734465977053945884e+06 1.170376614630396711e+06
2.499999999990636882e-03 7.632111765480181166e-10 6.973537236084761098e+06 1.175721535957877757e+06
2.499999999990654663e-03 7.632192081424850502e-10 3.208561421534334123e+07 1.105727361861729994e+06
2.499999999990848085e-03 7.632949758736608130e-10 5.995266768549018539e+06 1.198325793720142683e+06
2.499999999991103523e-03 7.633973714253886769e-10 5.896091858259487897e+06 1.223643194958426058e+06
2.499999999991247505e-03 7.634549793052407057e-10 5.651597420305805281e+06 1.238896467196790501e+06
2.499999999991383247e-03 7.635103941807860516e-10 8.331830144569803961e+06 1.245370957342232810e+06
2.499999999991418809e-03 7.635245951368154279e-10 2.668492453753793240e+07 1.196302291387160309e+06
2.499999999991744937e-03 7.636540323284171685e-10 3.067514138732679654e+06 1.299438514916915912e+06
2.499999999991869403e-03 7.637034317756304905e-10 6.049563972938345745e+06 1.304528187074276619e+06
2.499999999991969150e-03 7.637441130704322902e-10 5.406184676410248503e+06 1.318031965090076905e+06
2.499999999992064993e-03 7.637819001237657710e-10 2.583604154960801825e+07 1.269997100137198577e+06
2.499999999992388953e-03 7.639125937619791276e-10 9.540858545282324776e+06 1.356313757799411193e+06
2.499999999992408902e-03 7.639204100254150737e-10 9.508842664552766085e+07 1.124369077960076043e+06
2.499999999992555486e-03 7.639780625259274440e-10 8.712615599045591429e+06 1.379340584800330922e+06
2.499999999992699902e-03 7.640362471260893031e-10 2.482075567167316563e+06 1.416447715506414417e+06
2.499999999992761918e-03 7.640609404445902398e-10 1.684252825012759492e+07 1.382718949740472483e+06
2.499999999992819598e-03 7.640838657945013574e-10 1.945897633667312935e+07 1.382821913484480930e+06
2.499999999992939727e-03 7.641327849796919152e-10 4.865062675039715134e+06 1.441839064072703477e+06
2.499999999992981795e-03 7.641486169769929169e-10 3.534257489519540220e+07 1.359621947034528712e+06
2.499999999993061592e-03 7.641810819601029939e-10 1.149458369654085021e+06 1.469539706789292162e+06
2.499999999993168277e-03 7.642229964703264398e-10 4.256649134025424719e+06 1.475258279673227342e+06
2.499999999993170446e-03 7.642246571924160838e-10 7.334936653284108639e+07 1.281946673590001650e+06
2.499999999993237233e-03 7.642509854562559372e-10 7.456926465107492171e+06 1.475968877951673232e+06
2.499999999993321800e-03 7.642847062087786147e-10 1.256547824896619655e+06 1.506531266508073313e+06
2.499999999993548182e-03 7.643761848544087314e-10 8.548909905872082710e+07 1.305633566500929650e+06
2.499999999993570299e-03 7.643843703243868682e-10 9.891162015909170732e+06 1.518900966429845663e+06
2.499999999993590249e-03 7.643921301586032599e-10 2.659880404412379488e+06 1.543115156452063238e+06
2.499999999993881249e-03 7.645085608478353908e-10 1.377454492117832601e+07 1.557281163423251826e+06
2.499999999993990103e-03 7.645520239564967017e-10 7.362686202419844270e+07 1.407772938161796657e+06
2.499999999994012220e-03 7.645611641591347324e-10 9.182796142754351720e+06 1.592683469039279502e+06
2.499999999994081176e-03 7.645885160719528122e-10 2.148364307294956222e+07 1.568683223919871263e+06
2.499999999994127579e-03 7.646081219411451672e-10 3.432957797125529498e+06 1.629724154322180664e+06
2.499999999994227326e-03 7.646466107073824599e-10 8.518997951937194169e+07 1.417487197239755886e+06
2.499999999994321001e-03 7.646856150811087620e-10 5.441600942082463764e+06 1.658239477840511594e+06
2.499999999994385186e-03 7.647108598872139692e-10 7.581478520075432956e+07 1.471451547089910135e+06
2.499999999994494040e-03 7.647536203603548924e-10 7.668603499666488171e+07 1.488873478994438658e+06
2.499999999994620675e-03 7.648045361080296517e-10 1.405650306289572734e+06 1.725838256009844132e+06
2.499999999994671415e-03 7.648250665447522182e-10 1.029942283472365327e+07 1.709723996285479050e+06
2.499999999994682691e-03 7.648297849100207492e-10 2.660940337602041196e+06 1.734447512033626437e+06
2.499999999995029202e-03 7.649686779827819467e-10 4.214187291338752955e+06 1.800845930071603507e+06
2.499999999995064764e-03 7.649815721149746225e-10 1.518981339313857257e+07 1.775626330512331799e+06
2.499999999995113336e-03 7.650016343023628912e-10 2.894796030578959733e+06 1.822425519231894519e+06
2.499999999995144561e-03 7.650138250063441726e-10 8.382174955700710416e+07 1.600756639504853170e+06
2.499999999995419948e-03 7.651235753580870485e-10 2.076855095648238808e+07 1.838821616148343310e+06
2.499999999995437729e-03 7.651311398460086813e-10 1.445950304610955715e+07 1.861557948736204533e+06
2.499999999995533139e-03 7.651698818509741349e-10 8.711005961169025302e+07 1.680715713099738117e+06
2.499999999995699673e-03 7.652354750290866081e-10 1.261555325906672515e+07 1.930112363383375341e+06
2.499999999995706178e-03 7.652386911006575788e-10 1.327287906248778105e+06 1.965258927388475509e+06
2.499999999996012790e-03 7.653610042209803881e-10 3.660241311370132118e+07 1.942648177513279719e+06
2.499999999996030571e-03 7.653684162838639125e-10 3.184414045251915604e+07 1.961299765067690052e+06
2.499999999996205778e-03 7.654384065703514426e-10 1.202635826282336749e+07 2.067536797838339116e+06
2.499999999996443435e-03 7.655344762749235746e-10 7.788164796821677685e+07 1.951616218676159857e+06
2.499999999996454711e-03 7.655376644610636710e-10 1.920895210596689023e+06 2.170641459592228290e+06
2.499999999996530171e-03 7.655693326584396721e-10 2.569480832379901316e+06 2.193245759434919339e+06
2.499999999996663311e-03 7.656216995196904564e-10 2.222734029159786552e+07 2.177538160611197818e+06
2.499999999996687598e-03 7.656312623877506202e-10 2.754019404248842038e+06 2.242277214962983504e+06
2.499999999996694536e-03 7.656339817335623408e-10 1.876822141841382161e+07 2.197608911226730328e+06
2.499999999996696705e-03 7.656355906986310123e-10 3.955992489066638518e+06 2.242283424901419785e+06
2.499999999996785609e-03 7.656698146197683439e-10 1.477950048047880828e+07 2.239001647691457532e+06
2.499999999996789946e-03 7.656715492066355459e-10 6.127167226365562528e+07 2.107440715076403227e+06
2.499999999996914413e-03 7.657213072523699404e-10 2.111611802416231856e+07 2.264736485962240025e+06
2.499999999996920918e-03 7.657255369265163284e-10 6.309830039565825835e+06 2.311709078756836243e+06
2.499999999997065334e-03 7.657822264709416816e-10 1.518636636637649965e+06 2.376658335285424720e+06
2.499999999997067502e-03 7.657838425221672215e-10 1.287372595374002587e+06 2.378822695382536389e+06
2.499999999997131687e-03 7.658083942688198503e-10 4.925616898469634354e+07 2.262638345925349742e+06
2.499999999997198474e-03 7.658355644409842148e-10 1.841252064755728841e+07 2.377012861983728595e+06
2.499999999997438299e-03 7.659310005691844987e-10 9.515689613377833366e+07 2.254642875309390947e+06
2.499999999997451743e-03 7.659379717361343339e-10 2.053355925903592957e+06 2.526867602959039155e+06
2.499999999997471693e-03 7.659447529776296668e-10 4.171402481301776320e+07 2.418626456085786689e+06
2.499999999997471693e-03 7.659457719771900722e-10 5.334487712228604406e+07 2.386543646295647137e+06
2.499999999997515928e-03 7.659633314956808485e-10 1.594272640931684710e+07 2.512655749838179909e+06
2.499999999997669017e-03 7.660234678039535097e-10 2.653151207958996762e+06 2.616935611986211967e+06
2.499999999997669017e-03 7.660235662194043956e-10 2.290843266764407232e+07 2.557734223093801178e+06
2.499999999997673788e-03 7.660257720099100944e-10 5.164386317540300079e+06 2.612101631476221140e+06
2.499999999997744912e-03 7.660544132874563151e-10 1.173469880857691634e+06 2.656205139732515439e+06
2.499999999997878052e-03 7.661084059891467978e-10 2.677014358103262261e+06 2.714936093297810294e+06
2.499999999997891062e-03 7.661125162803175861e-10 1.313538271345024370e+07 2.689127029609465506e+06
2.499999999997902338e-03 7.661178498017433924e-10 1.773608327328741550e+07 2.682100992763779592e+06
2.499999999997929226e-03 7.661273487158840967e-10 9.452485025533193722e+06 2.717872373376659583e+06
2.499999999997977798e-03 7.661474983521952312e-10 8.642232069803994149e+06 2.745012695549899712e+06
2.499999999998035478e-03 7.661708090775849895e-10 1.390993108153927373e+06 2.795579600447622128e+06
2.499999999998080147e-03 7.661888470616904380e-10 6.811392329385558143e+06 2.802629864973075222e+06
2.499999999998093157e-03 7.661938789024789109e-10 4.810636045372584462e+07 2.689327412264409941e+06
2.499999999998155607e-03 7.662178296745762055e-10 3.373246540536587592e+06 2.850559141426768620e+06
2.499999999998359871e-03 7.663009402365210057e-10 3.042520579296331853e+07 2.885698552992249839e+06
2.499999999998393264e-03 7.663135287836106661e-10 1.453056668724113144e+07 2.950103570696263574e+06
2.499999999998446173e-03 7.663350124851752949e-10 4.024362749561155215e+06 3.012381623651764356e+06
2.499999999998450944e-03 7.663374892795495183e-10 7.655550462077365816e+07 2.807113606273991521e+06
2.499999999998499516e-03 7.663563596125783241e-10 2.345671560384246986e+06 3.049200221573770978e+06
2.499999999998570640e-03 7.663846667946922017e-10 2.086107681407162175e+07 3.038167388691700995e+06
2.499999999998646100e-03 7.664150628352006786e-10 3.120927342600670457e+07 3.055943509803346358e+06
2.499999999998703780e-03 7.664384808177181251e-10 2.602844039515459910e+07 3.108898362171102315e+06
2.499999999998728500e-03 7.664479558400750811e-10 4.329867186996694654e+06 3.188055288321306463e+06
2.499999999998764062e-03 7.664616727125746784e-10 5.082467970876925625e+06 3.208694393530932255e+06
2.499999999998784011e-03 7.664706937319138562e-10 1.514215180426224880e+07 3.194346611187856179e+06
2.499999999998821741e-03 7.664855142914461701e-10 3.030143878750252351e+07 3.175434282356209587e+06
2.499999999998837354e-03 7.664917064777075541e-10 1.807881263068212196e+07 3.221741377688518260e+06
2.499999999998897202e-03 7.665159755434203515e-10 1.292364288264847361e+07 3.279419508419785649e+06
2.499999999998963555e-03 7.665419205508782934e-10 1.524015669155483507e+07 3.319384698382647708e+06
2.499999999998992611e-03 7.665534837210523377e-10 4.130738641147261858e+07 3.264824681582207792e+06
2.499999999999016898e-03 7.665626388830136218e-10 4.855328671654679812e+06 3.388203945645113010e+06
2.499999999999043786e-03 7.665732181777018202e-10 8.012218105718959868e+07 3.190892260339107364e+06
2.499999999999105802e-03 7.665993933617771857e-10 3.102816520552461501e+06 3.463499105446241330e+06
2.499999999999216824e-03 7.666431180736867016e-10 2.213477132480918616e+07 3.494900985866019037e+06
2.499999999999230268e-03 7.666492827801564506e-10 1.439825891149816569e+06 3.568349821527168155e+06
2.499999999999232437e-03 7.666494177447800882e-10 2.970559224320811220e+06 3.564108356627227273e+06
2.499999999999263662e-03 7.666621299933393289e-10 8.173084887160934508e+06 3.575170165698385332e+06
2.499999999999494380e-03 7.667542869421641663e-10 3.536085804731278215e+06 3.792498898211337160e+06
2.499999999999509993e-03 7.667608963852361549e-10 1.624717487394530326e+06 3.813637215965640731e+06
2.499999999999583285e-03 7.667899051083733645e-10 2.207078977892947942e+07 3.823074542769103777e+06
2.499999999999658745e-03 7.668198777153509585e-10 9.300744859791098535e+07 3.693740015887248330e+06
2.499999999999720762e-03 7.668440203667606446e-10 4.525898448846241087e+07 3.892310872520913836e+06
2.499999999999734206e-03 7.668503034521706504e-10 4.238969711367425509e+06 4.028647681630497798e+06
2.499999999999823110e-03 7.668861942295187231e-10 2.294770995510423928e+07 4.070574376131529454e+06
2.499999999999916352e-03 7.669221309722976134e-10 1.435780734046220034e+07 4.197523787507262081e+06
2.499999999999978368e-03 7.669469838713527246e-10 1.716545343384444248e+06 4.308123211480210535e+06
2.500000000000000486e-03 7.669572601343405440e-10 1.703471799939382123e+06 4.339243212081005797e+06
2.500000000000045155e-03 7.669744672934028396e-10 1.590634058606089093e+07 4.350474583779415116e+06
2.500000000000071609e-03 7.669855096740884721e-10 1.847229340376745909e+07 4.377680876738314517e+06
2.500000000000102834e-03 7.669972165779808561e-10 2.373885571017125156e+06 4.462491013836472295e+06
2.500000000000127121e-03 7.670066159570533845e-10 4.176164477642507758e+06 4.487684357381593436e+06
2.500000000000140565e-03 7.670126413279132541e-10 9.731934981923766434e+07 4.238017851105193608e+06
2.500000000000271536e-03 7.670655785022090479e-10 4.828907510852912068e+07 4.559997684725332074e+06
2.500000000000284980e-03 7.670700893224396170e-10 3.011278963036314771e+07 4.629022654984338209e+06
2.500000000000320542e-03 7.670840622660751370e-10 1.210774180485191196e+07 4.732525355947501957e+06
2.500000000000340492e-03 7.670928082745418686e-10 1.421217544769668579e+07 4.758646590344102122e+06
2.500000000000351334e-03 7.670974162395989395e-10 1.788062922352046520e+07 4.765069767869515345e+06
2.500000000000447177e-03 7.671359868726990655e-10 4.847991365605331957e+07 4.824705614758333191e+06
2.500000000000502688e-03 7.671566817736629644e-10 6.648524016149090976e+07 4.856387334438064136e+06
2.500000000000546924e-03 7.671745880203537460e-10 3.734985020755853970e+06 5.114242125982006080e+06
2.500000000000555597e-03 7.671779041885317927e-10 3.748793449271618575e+07 5.029313754339901730e+06
2.500000000000573378e-03 7.671859551635638899e-10 1.521391432250011340e+07 5.129068909590590745e+06
2.500000000000578149e-03 7.671881533300454546e-10 1.423752702646030486e+07 5.141453305036852136e+06
2.500000000000606772e-03 7.671985425136832924e-10 1.164459959553639591e+07 5.194523570671726950e+06
2.500000000000620216e-03 7.672051847602615893e-10 3.179807125014181808e+07 5.164882098923284560e+06
2.500000000000742514e-03 7.672540973162542510e-10 6.639382645826130360e+07 5.292023565242862329e+06
2.500000000000746850e-03 7.672549162182586689e-10 7.826988323572677374e+07 5.261775131000858732e+06
2.500000000000768968e-03 7.672643252233020891e-10 9.555802597944483161e+06 5.507970283477033488e+06
2.500000000000784581e-03 7.672699887228138355e-10 2.105679710618047975e+06 5.558105187584070489e+06
2.500000000000804530e-03 7.672776910533464841e-10 2.199006236382320989e+06 5.596579623564142734e+06
2.500000000000871317e-03 7.673053580540968172e-10 3.649120070426894724e+07 5.639599345228753984e+06
2.500000000000877822e-03 7.673081375286014614e-10 4.778198749887820333e+06 5.747567958830492571e+06
2.500000000000906445e-03 7.673197767384566703e-10 4.147333210002143681e+07 5.702928275848643854e+06
2.500000000000931165e-03 7.673291829763384742e-10 1.698383135690034553e+07 5.826591024546047673e+06
2.500000000000955451e-03 7.673386826186208360e-10 4.454079946652973071e+06 5.916924646409510635e+06
2.500000000000988844e-03 7.673520039386096907e-10 1.649966948656118009e+06 6.001770528059727512e+06
2.500000000001008794e-03 7.673591807109810640e-10 2.295372550663317740e+07 5.981101650794471614e+06
2.500000000001010962e-03 7.673614367669411347e-10 1.458242938403715938e+07 6.019053062217920087e+06
2.500000000001033080e-03 7.673693575504666925e-10 4.788168790368832648e+06 6.095254812057938427e+06
2.500000000001099867e-03 7.673968185091125734e-10 6.468758540299655870e+06 6.260273725616797805e+06
2.500000000001108540e-03 7.674007951984172427e-10 3.719243156861958094e+06 6.293792301652863622e+06
2.500000000001110709e-03 7.674008851600833023e-10 1.889427643817170290e+06 6.299774764122374356e+06
2.500000000001126321e-03 7.674073219417557133e-10 1.956262131308508338e+06 6.341139463143991306e+06
2.500000000001135429e-03 7.674110741734240270e-10 5.975046336394092068e+06 6.353753356448325329e+06
2.500000000001153209e-03 7.674183665926494971e-10 3.543302448705695570e+07 6.315317300002714619e+06
2.500000000001157546e-03 7.674187787522571551e-10 5.867808266791688278e+06 6.404935369880900718e+06
2.500000000001286349e-03 7.674716029590585550e-10 1.253663132469695760e+06 6.790436859415191226e+06
2.500000000001373086e-03 7.675059582581014190e-10 1.270818233720302023e+07 7.022494166117766872e+06
2.500000000001375254e-03 7.675060641858481196e-10 9.713143921842765063e+06 7.032174589396718889e+06
2.500000000001375254e-03 7.675071831548187974e-10 1.516709287255891971e+07 7.025114653528968804e+06
2.500000000001430765e-03 7.675293586809308303e-10 2.127792240993736312e+06 7.247033018385934643e+06
2.500000000001441607e-03 7.675328035644796634e-10 4.286493120767067187e+06 7.270012353353666142e+06
2.500000000001446378e-03 7.675352201898171935e-10 4.153349616428961977e+06 7.291141709673194215e+06
2.500000000001468495e-03 7.675438267471056437e-10 3.045500592399341520e+06 7.369232336103214882e+06
2.500000000001481940e-03 7.675488094252849138e-10 2.441608530403655954e+06 7.415036313471032307e+06
2.500000000001494950e-03 7.675539315350201901e-10 1.073707031324107200e+06 7.464881171256938949e+06
2.500000000001524007e-03 7.675661334691562956e-10 5.407524422360663116e+07 7.420679358749636449e+06
2.500000000001543956e-03 7.675735107677506733e-10 9.236091338660575449e+07 7.378531723921108991e+06
2.500000000001554798e-03 7.675789094205210563e-10 5.254452124480596744e+06 7.684230658708069474e+06
2.500000000001659315e-03 7.676196342159303967e-10 1.447577680017348193e+07 8.067260697934678756e+06
2.500000000001692708e-03 7.676337425965702750e-10 4.027162976705656201e+07 8.143969339185061865e+06
2.500000000001719163e-03 7.676449203345724773e-10 1.452033846495041857e+06 8.383151202378406189e+06
2.500000000001730439e-03 7.676482896026764735e-10 2.818904655145948753e+06 8.417520628915367648e+06
2.500000000001734776e-03 7.676509467642232208e-10 1.094819543667384982e+07 8.424061503318462521e+06
2.500000000001734776e-03 7.676510331186034327e-10 3.800507502222914249e+06 8.446156673509091139e+06
2.500000000001799394e-03 7.676754537526888731e-10 4.329419204592492431e+06 8.736062350397096947e+06
2.500000000001852737e-03 7.676965859316120958e-10 7.583315908741216175e+06 8.995378996413616464e+06
2.500000000001874854e-03 7.677066522930790710e-10 1.324202650123978732e+06 9.147869724434766918e+06
2.500000000001881360e-03 7.677097275528445420e-10 1.766151451248738915e+07 9.141393133830638602e+06
2.500000000001926029e-03 7.677263048238265311e-10 8.528740723050590605e+06 9.400014260527249426e+06
2.500000000001941208e-03 7.677324533429732596e-10 2.937972847923595924e+06 9.505456316903777421e+06
2.500000000001945978e-03 7.677354195777059400e-10 3.407359503495163284e+06 9.547574658662058413e+06
2.500000000001954652e-03 7.677384119432624579e-10 4.390147370119044185e+07 9.472696357043342665e+06
2.500000000001990214e-03 7.677517370786193032e-10 1.036671339373324253e+07 9.773646832995839417e+06
2.500000000001998887e-03 7.677562734771806501e-10 5.754269931853637844e+07 9.705909099066233262e+06
2.500000000002003658e-03 7.677585690695891940e-10 5.904171889542584121e+07 9.737761935350358486e+06
2.500000000002021439e-03 7.677650479229381089e-10 5.688620604097904265e+07 9.847781101327445358e+06
2.500000000002030112e-03 7.677688739341258545e-10 1.116073261032506824e+06 1.007405440608349442e+07
2.500000000002043556e-03 7.677739194988445767e-10 1.468270836208547279e+07 1.011732516609436460e+07
2.500000000002076950e-03 7.677877873257946366e-10 1.022547171137998067e+07 1.036675725875570066e+07
2.500000000002079118e-03 7.677883081438192287e-10 2.144145659615315963e+06 1.039971364960634708e+07
2.500000000002116848e-03 7.678034693331503844e-10 5.962364452832140028e+07 1.050239145546707883e+07
2.500000000002170191e-03 7.678245268661825724e-10 4.383510069761684537e+07 1.095040893267653324e+07
2.500000000002178865e-03 7.678284672951405241e-10 1.149874234091314720e+06 1.115470167084467784e+07
2.500000000002181033e-03 7.678287444472563229e-10 2.327171567441027146e+06 1.115678947066414170e+07
2.500000000002216595e-03 7.678439256559268437e-10 1.595131159762793221e+06 1.147266413631538115e+07
2.500000000002220932e-03 7.678455718571066103e-10 8.502753384032458067e+07 1.126281351818945445e+07
2.500000000002245652e-03 7.678544370102362427e-10 1.698072866865978763e+07 1.165498227346971259e+07
2.500000000002256494e-03 7.678593204308617794e-10 1.439013091514402535e+06 1.180977765659847111e+07
2.500000000002261264e-03 7.678610998147619105e-10 2.812718754357446358e+07 1.177123924180277251e+07
2.500000000002272106e-03 7.678654945315210360e-10 3.120348752370455116e+07 1.186262342187402770e+07
2.500000000002325449e-03 7.678873978424454945e-10 3.242542941616089642e+07 1.238610021900841780e+07
2.500000000002338893e-03 7.678919326480495080e-10 1.658291512204740196e+07 1.254775492578292638e+07
2.500000000002341061e-03 7.678924597224167161e-10 1.509576459026557393e+06 1.260576699244209751e+07
2.500000000002370118e-03 7.679046247622965518e-10 1.302583737201601267e+07 1.289162955153631046e+07
2.500000000002374455e-03 7.679065672542320773e-10 1.286923242934348993e+06 1.297889031613635831e+07
2.500000000002376623e-03 7.679074246522783904e-10 3.841796566322255880e+06 1.299468578996230848e+07
2.500000000002429966e-03 7.679278962327919195e-10 2.958108361335347965e+07 1.350225317444259860e+07
2.500000000002429966e-03 7.679289792424324881e-10 1.277181460808846634e+06 1.361809586172495596e+07
2.500000000002434303e-03 7.679306999265021799e-10 9.319261526276336610e+07 1.339977993318874203e+07
2.500000000002465528e-03 7.679434712767744586e-10 1.060229138858011365e+07 1.403844739729307778e+07
2.500000000002498488e-03 7.679550922654696983e-10 4.545331602038472891e+06 1.443735898936751857e+07
2.500000000002529713e-03 7.679689767932142134e-10 2.657896825983623974e+06 1.492612833185382560e+07
2.500000000002531881e-03 7.679697782211315887e-10 3.198126007507163286e+07 1.486848897780809365e+07
2.500000000002556601e-03 7.679789153771096712e-10 6.452235575938102789e+06 1.528110940710653737e+07
2.500000000002563106e-03 7.679824887670065402e-10 2.280935434836462513e+07 1.536892037786155380e+07
2.500000000002567443e-03 7.679829644649657692e-10 3.626588995690201968e+07 1.534757384780260175e+07
2.500000000002578718e-03 7.679877095688576305e-10 6.141710046961423941e+06 1.562136037101420760e+07
2.500000000002594331e-03 7.679945486534034760e-10 1.499476057783636451e+07 1.586969324406828731e+07
2.500000000002622954e-03 7.680048080000905446e-10 7.996965698497748375e+07 1.610892251147625595e+07
2.500000000002678465e-03 7.680270904182032308e-10 1.953786714203316718e+06 1.735822127697895467e+07
2.500000000002694078e-03 7.680341905499525148e-10 3.695478160092720762e+06 1.770526298024618998e+07
2.500000000002723134e-03 7.680454086327874675e-10 2.075276928940204205e+06 1.829658456608055532e+07
2.500000000002738313e-03 7.680518879086425583e-10 1.325777756214814261e+06 1.865560148532064632e+07
2.500000000002758696e-03 7.680601292959427328e-10 8.713279053880443797e+06 1.910821248458904400e+07
2.500000000002758696e-03 7.680606978330814251e-10 1.906894581472127466e+06 1.916194963301583007e+07
2.500000000002782982e-03 7.680694583276437598e-10 2.106634099727970362e+07 1.963876644505992904e+07
2.500000000002800763e-03 7.680775128301485984e-10 1.716445845215804875e+06 2.021322463559248298e+07
2.500000000002827218e-03 7.680865297221429309e-10 2.245671273344514426e+06 2.082397204491768777e+07
2.500000000002827218e-03 7.680870225464956194e-10 1.601738761851697229e+06 2.086041273497563601e+07
2.500000000002831554e-03 7.680895366322671052e-10 5.213694813959929161e+06 2.102771823517547920e+07
2.500000000002836325e-03 7.680904349955890138e-10 2.207887337608741224e+07 2.104224557856185734e+07
2.500000000002836325e-03 7.680904469544038272e-10 2.482064165303761512e+07 2.103501422133710980e+07
2.500000000002856274e-03 7.680980621408762980e-10 1.278246425001260825e+06 2.166618723454991356e+07
2.500000000002856274e-03 7.680985600670162715e-10 7.095573394027544558e+07 2.149856459062696621e+07
2.500000000002862779e-03 7.681024259223979026e-10 1.419288393930618186e+06 2.200128660145214200e+07
2.500000000002867116e-03 7.681030204551154718e-10 5.084886812782125175e+07 2.190196663936483115e+07
2.500000000002869718e-03 7.681043502378785386e-10 4.207070693231198937e+07 2.203257895659937337e+07
2.500000000002869718e-03 7.681047374227524205e-10 5.018755694107856601e+06 2.217261252501781285e+07
2.500000000002871887e-03 7.681049192045526843e-10 1.568594913104444277e+06 2.219725007425745577e+07
2.500000000002871887e-03 7.681050047931794398e-10 8.507374315958766267e+06 2.218354474866577238e+07
2.500000000002874055e-03 7.681060779384889580e-10 2.609562613737159409e+06 2.228664818771292269e+07
2.500000000002876224e-03 7.681077590452304973e-10 7.299337466550515033e+06 2.240832878493862227e+07
2.500000000002904847e-03 7.681193223933546660e-10 2.110354562445397303e+07 2.334647402228008956e+07
2.500000000002920459e-03 7.681248070944204135e-10 2.692374115385843441e+07 2.382411700660378113e+07
2.500000000002927398e-03 7.681269034316832183e-10 6.311517785043792799e+06 2.407968745811524242e+07
2.500000000002933903e-03 7.681293653469622292e-10 1.011553853573702648e+07 2.430118607622035593e+07
2.500000000002938240e-03 7.681309411039320466e-10 1.614783470244714804e+07 2.443470622963463888e+07
2.500000000002965128e-03 7.681416103069255038e-10 3.946807178009152878e+06 2.554715763485917449e+07
2.500000000002965128e-03 7.681423292759694663e-10 4.461230885234948993e+07 2.550307163396241888e+07
2.500000000002975970e-03 7.681467223927766191e-10 2.305677782714639604e+07 2.604071154531600699e+07
2.500000000002978139e-03 7.681468881033700647e-10 7.345358895912905037e+07 2.591043207870955393e+07
2.500000000003000690e-03 7.681567412568892749e-10 1.505996561979807913e+07 2.721392485117512196e+07
2.500000000003013700e-03 7.681627899698014791e-10 3.448137624793597031e+06 2.799263300182376057e+07
2.500000000003040589e-03 7.681727229786093130e-10 3.740788217378154397e+06 2.930651967422113195e+07
2.500000000003042757e-03 7.681739769177838922e-10 6.732041462240331806e+06 2.947247857443979010e+07
2.500000000003047094e-03 7.681746379983828075e-10 9.205438779053506255e+07 2.931396938027277589e+07
2.500000000003049262e-03 7.681764557094097963e-10 2.680573825386900455e+06 2.983620937058420852e+07
2.500000000003051431e-03 7.681776207197620849e-10 1.731722528639407083e+07 2.996118994014286250e+07
2.500000000003060538e-03 7.681799030147087504e-10 7.050524460533800721e+07 3.013947681942451000e+07
2.500000000003060538e-03 7.681811250349781338e-10 2.781115094570188317e+06 3.052182496280089021e+07
2.500000000003062706e-03 7.681822734925132021e-10 2.298186643822706770e+06 3.069681655056215823e+07
2.500000000003064875e-03 7.681824224730593637e-10 2.820464056070828345e+06 3.071793212778948247e+07
2.500000000003067043e-03 7.681829575873390233e-10 1.987872961185500259e+06 3.080206067973005399e+07
2.500000000003071380e-03 7.681845563219826353e-10 5.960242506563610584e+07 3.087860664140713587e+07
2.500000000003073982e-03 7.681859155313546784e-10 7.672271156775139272e+07 3.104096607278664410e+07
2.500000000003076150e-03 7.681864751754880468e-10 2.700181991204071790e+07 3.127599248812594637e+07
2.500000000003096100e-03 7.681938685040258550e-10 2.566159205840825569e+06 3.256561010104424134e+07
2.500000000003096100e-03 7.681941846328048498e-10 1.059070946957141906e+07 3.259605561054428667e+07
2.500000000003093931e-03 7.681943979836517878e-10 8.713419764060901105e+07 3.240700839739679545e+07
2.500000000003104773e-03 7.681975331876879901e-10 1.326493825965887168e+06 3.320844779047280550e+07
2.500000000003111712e-03 7.682004840040916899e-10 3.390067330412914604e+07 3.364540230058880150e+07
2.500000000003118217e-03 7.682019948633734299e-10 3.409637629257180542e+07 3.392450328872829676e+07
2.500000000003126891e-03 7.682069817034481558e-10 1.118722642786116106e+06 3.497888096166064590e+07
2.500000000003129493e-03 7.682076801089561084e-10 5.017575392664447427e+06 3.510568827829771489e+07
2.500000000003131662e-03 7.682085522748265388e-10 1.029202424448028579e+07 3.526439312521276623e+07
2.500000000003133830e-03 7.682095266722213273e-10 7.886403402894573286e+06 3.546828668302579969e+07
2.500000000003135998e-03 7.682105052556596619e-10 1.010105259437895613e+06 3.568846550536530465e+07
2.500000000003133830e-03 7.682106878406024629e-10 1.861091270655209664e+06 3.572348664395917207e+07
2.500000000003138167e-03 7.682120763035346096e-10 3.960017721477323025e+07 3.590006491599314660e+07
2.500000000003140335e-03 7.682124193285128769e-10 1.822380595119012753e+06 3.608353986044768989e+07
2.500000000003140335e-03 7.682131300973936539e-10 9.000694522827656940e+06 3.621217992782086879e+07
2.500000000003158116e-03 7.682189890724821816e-10 5.268442029004148208e+06 3.750763496193876117e+07
2.500000000003160285e-03 7.682201104860276853e-10 1.303460473277922254e+06 3.777564895833580941e+07
2.500000000003160285e-03 7.682204892307691500e-10 1.339150531498979032e+07 3.782726778956024349e+07
2.500000000003175897e-03 7.682260377486742960e-10 1.892327311770672444e+06 3.918886945439566672e+07
2.500000000003180234e-03 7.682284271558135784e-10 2.190476926281049382e+06 3.978882178546338528e+07
2.500000000003182402e-03 7.682291666363390749e-10 1.436158455910887755e+07 3.994254187269895524e+07
2.500000000003187173e-03 7.682295163512034119e-10 3.542551883743236959e+07 3.997066900166868418e+07
2.500000000003189341e-03 7.682321327307459411e-10 5.218683016559687257e+07 4.061027610043086112e+07
2.500000000003202785e-03 7.682362268566777768e-10 5.673741492797701061e+07 4.172397622574074566e+07
2.500000000003209290e-03 7.682395422367697312e-10 3.683614054810554534e+07 4.274215380231043696e+07
2.500000000003211459e-03 7.682404820527087581e-10 7.384386687888985872e+07 4.291300660697800666e+07
2.500000000003213627e-03 7.682406192815827786e-10 1.962398555938321725e+07 4.311420825840310752e+07
2.500000000003213627e-03 7.682413088583031606e-10 2.155832314988689870e+07 4.331669400800027698e+07
2.500000000003220132e-03 7.682431702680410363e-10 1.141911371007574955e+06 4.394920423049131036e+07
2.500000000003220132e-03 7.682440914814167296e-10 1.915846117246036651e+06 4.423570027436052263e+07
2.500000000003222735e-03 7.682453895395714683e-10 6.379583664323263802e+06 4.463592208541633189e+07
2.500000000003222735e-03 7.682456601895672673e-10 6.641639366694284230e+07 4.454583216335125268e+07
2.500000000003224903e-03 7.682462374702720069e-10 6.657585957207808644e+07 4.473244146296893060e+07
2.500000000003227071e-03 7.682467200965499459e-10 4.325911163603831083e+07 4.495884307549738139e+07
2.500000000003229240e-03 7.682474191921260867e-10 2.796660059201425873e+06 4.530865532091344148e+07
2.500000000003227071e-03 7.682476921206823899e-10 1.728537799333925126e+06 4.540235268442138284e+07
2.500000000003231408e-03 7.682485047849569962e-10 2.928239445961157233e+07 4.559266492218194157e+07
2.500000000003235745e-03 7.682499112045860285e-10 5.621625052541982383e+07 4.599120486346230656e+07
2.500000000003244852e-03 7.682552296324999303e-10 1.496681813777229749e+06 4.805476794105922431e+07
2.500000000003251358e-03 7.682561748346818675e-10 8.480906882607419044e+06 4.838865850092215091e+07
2.500000000003253526e-03 7.682574580285691232e-10 1.501174411227192730e+06 4.889906930567368120e+07
2.500000000003255694e-03 7.682583373087451714e-10 5.569609094581089914e+07 4.908035002638163418e+07
2.500000000003253526e-03 7.682587166384173767e-10 1.102894353913974715e+06 4.939036060046180338e+07
2.500000000003258296e-03 7.682603278346182908e-10 7.012767634387420490e+06 5.001482327200704068e+07
2.500000000003264802e-03 7.682625813082216120e-10 1.661463539066262543e+06 5.095698483098019660e+07
2.500000000003275644e-03 7.682659119239101813e-10 3.364751685416063294e+06 5.238564400846730173e+07
2.500000000003275644e-03 7.682664096561497134e-10 5.370234277808384597e+07 5.245815029119533300e+07
2.500000000003278246e-03 7.682673587029414063e-10 5.014556461582275480e+07 5.289565727344691753e+07
2.500000000003278246e-03 7.682676711216304789e-10 1.440676930616948754e+06 5.318164246090097725e+07
2.500000000003284751e-03 7.682696574083097687e-10 3.106694630515424162e+07 5.401556023195920140e+07
2.500000000003284751e-03 7.682703270413939418e-10 8.033892155561031774e+06 5.440152172918609530e+07
2.500000000003286919e-03 7.682705118920748100e-10 3.059538465299410000e+07 5.442326098444425315e+07
2.500000000003289088e-03 7.682717538435884096e-10 3.772130778930081986e+06 5.510408423676256090e+07
2.500000000003289088e-03 7.682718854865313991e-10 1.077046685341736767e+06 5.517659484257747978e+07
2.500000000003296027e-03 7.682740261086149773e-10 4.516235624649848789e+07 5.611744692235337198e+07
2.500000000003300363e-03 7.682762163621204356e-10 9.659679151865428314e+06 5.736220284410931915e+07
2.500000000003300363e-03 7.682767093041915752e-10 1.960253467357459944e+06 5.764790442566253245e+07
2.500000000003302532e-03 7.682769179534466887e-10 1.967116702911370201e+06 5.775990553434970230e+07
2.500000000003306869e-03 7.682791908829721544e-10 1.318266030133040622e+06 5.901094279251712561e+07
2.500000000003309037e-03 7.682797651064965526e-10 1.938287382307217922e+06 5.933327586418302357e+07
2.500000000003311205e-03 7.682806854550927590e-10 2.839886355101305246e+07 5.978212248898942024e+07
2.500000000003318144e-03 7.682820726051357282e-10 1.063794979205507971e+07 6.064692469999250770e+07
2.500000000003320313e-03 7.682831338886175666e-10 1.757742705610881746e+07 6.126293752952511609e+07
2.500000000003324650e-03 7.682850875624909378e-10 2.891731296581461281e+07 6.243678570204503834e+07
2.500000000003322481e-03 7.682853741777834174e-10 7.072418263014994562e+07 6.249447844189580530e+07
2.500000000003326818e-03 7.682855140598506264e-10 2.883463487130225077e+07 6.270695276260656863e+07
2.500000000003324650e-03 7.682859008572102436e-10 8.132619545273147523e+07 6.279880295834371448e+07
2.500000000003328986e-03 7.682880527664142999e-10 3.168900470707541332e+07 6.435471799326980859e+07
2.500000000003335925e-03 7.682901192574579120e-10 2.709845679604631290e+07 6.578233123627322912e+07
2.500000000003335925e-03 7.682901220025977056e-10 1.215064754771640524e+07 6.582842974884959310e+07
2.500000000003338094e-03 7.682915200328799017e-10 2.925341412452068552e+07 6.677029773903010041e+07
2.500000000003342430e-03 7.682930415608916133e-10 2.529263653928011656e+06 6.796392381490767002e+07
2.500000000003342430e-03 7.682931154714022296e-10 3.094309267529825214e+06 6.801734522158552706e+07
2.500000000003346767e-03 7.682946885618854457e-10 6.525461310765291005e+07 6.902781315987282991e+07
2.500000000003358043e-03 7.682992604842348765e-10 1.229874397066103527e+06 7.293822970848360658e+07
2.500000000003360211e-03 7.682997076381505504e-10 1.730255923532141838e+06 7.332229712962397933e+07
2.500000000003362380e-03 7.683010548429678974e-10 5.024463214061052538e+06 7.449918512287861109e+07
2.500000000003364548e-03 7.683017722120060171e-10 2.296185205308422446e+06 7.515492247993415594e+07
2.500000000003362380e-03 7.683019599880755383e-10 2.378969223447899800e+06 7.532607300085344911e+07
2.500000000003362380e-03 7.683021105669392671e-10 6.424443399529139511e+06 7.545211974755950272e+07
2.500000000003364548e-03 7.683026764723761641e-10 4.724288439713541418e+06 7.598036370292794704e+07
2.500000000003364548e-03 7.683028357056399026e-10 4.347933666244128346e+07 7.601435740524537861e+07
2.500000000003369319e-03 7.683042811149710823e-10 3.304854996611027047e+07 7.742047832646475732e+07
2.500000000003373656e-03 7.683065392831526670e-10 3.569959474228536338e+07 7.966361204573558271e+07
2.500000000003377992e-03 7.683070198338518490e-10 1.584302680381666496e+07 8.021828874271586537e+07
2.500000000003382329e-03 7.683085627732645580e-10 1.372010785445205169e+06 8.189613664440594614e+07
2.500000000003384498e-03 7.683095853980172034e-10 1.835866296614906937e+07 8.296680389665430784e+07
2.500000000003386666e-03 7.683098210222590951e-10 4.243889816046628356e+07 8.315827073399719596e+07
2.500000000003384498e-03 7.683101011363662890e-10 8.235190945144997537e+07 8.335479310713723302e+07
2.500000000003386666e-03 7.683103868243119606e-10 4.271012539264004678e+07 8.379495239963208139e+07
2.500000000003386666e-03 7.683113914853740116e-10 7.491050200932393968e+07 8.485617387618599832e+07
2.500000000003389268e-03 7.683125917318965506e-10 4.105776638110259175e+07 8.638005611335967481e+07
2.500000000003391436e-03 7.683132330275404158e-10 3.591874740335726738e+07 8.717574804217880964e+07
2.500000000003393605e-03 7.683140242516254509e-10 1.643102042512479052e+07 8.821595489197045565e+07
2.500000000003393605e-03 7.683143890350416208e-10 4.388200436500854790e+06 8.871206970606783032e+07
2.500000000003393605e-03 7.683146112330254770e-10 2.128322730433113500e+07 8.894499016967119277e+07
2.500000000003395773e-03 7.683149729311998235e-10 1.493892313576613180e+07 8.942808220417450368e+07
2.500000000003397942e-03 7.683156485439151557e-10 3.792723160799080133e+07 9.024057408781547844e+07
2.500000000003397942e-03 7.683160973858863264e-10 6.491593192241531610e+07 9.075540598387533426e+07
2.500000000003400110e-03 7.683165279919097100e-10 1.511166401208302192e+07 9.148036820583280921e+07
2.500000000003400110e-03 7.683166894086054938e-10 1.789245889310461283e+07 9.169063868559385836e+07
2.500000000003400110e-03 7.683168188303649487e-10 1.265242271120826015e+06 9.191573771572312713e+07
2.500000000003400110e-03 7.683170641336592564e-10 1.842117300859018043e+07 9.220034182551845908e+07
2.500000000003402278e-03 7.683176858787922535e-10 5.626165959542576224e+07 9.294950647550934553e+07
2.500000000003402278e-03 7.683179640583429907e-10 7.408952614943535626e+07 9.328729864680626988e+07
2.500000000003407049e-03 7.683194886527039272e-10 1.006537290012530982e+07 9.567585607466590405e+07
2.500000000003407049e-03 7.683195429218873093e-10 4.522540461397407949e+07 9.565213416254405677e+07
2.500000000003407049e-03 7.683196988001099988e-10 2.099804320914927870e+06 9.601070840394501388e+07
2.500000000003411386e-03 7.683210370333064663e-10 4.109184432334784884e+06 9.803565352125345170e+07
2.500000000003411386e-03 7.683212107853737702e-10 1.072272657771448139e+06 9.831463659805290401e+07
2.500000000003411386e-03 7.683216085241048805e-10 1.362549026621857472e+07 9.890122004497528076e+07
2.500000000003413554e-03 7.683219363830083749e-10 1.351634839508598112e+07 9.942164492689281702e+07
